-7.504940149374306202e-04
-1.472036633640527725e-02
1.466949004679918289e-02
2.134059555828571320e-02
-1.457437872886657715e-03
-2.349835634231567383e-02
-3.547852858901023865e-02
-1.201116666197776794e-02
2.418627589941024780e-02
1.199072599411010742e-02
3.309207409620285034e-02
-1.635140366852283478e-02
8.372833952307701111e-03
2.895581722259521484e-02
1.003880705684423447e-02
1.072450354695320129e-02
-3.870058804750442505e-02
3.711270540952682495e-02
3.264643624424934387e-02
-3.060328541323542595e-03
3.164347633719444275e-02
-3.413750976324081421e-02
-1.049942523241043091e-02
2.546634525060653687e-02
-7.788222283124923706e-03
3.869808837771415710e-02
2.183845965191721916e-03
2.557842433452606201e-02
4.015433043241500854e-02
9.258083999156951904e-03
8.911236654967069626e-04
-7.950309664011001587e-03
-2.006782963871955872e-02
3.201270103454589844e-02
3.528967499732971191e-02
3.602872416377067566e-02
3.278105705976486206e-02
4.206921905279159546e-03
2.317693829536437988e-02
-2.417919412255287170e-02
-1.803358644247055054e-02
3.384685516357421875e-02
-3.200243785977363586e-02
2.584939077496528625e-02
1.832769438624382019e-02
4.126257449388504028e-02
-2.867390960454940796e-02
-2.469008788466453552e-02
-3.204967081546783447e-02
-3.512860834598541260e-02
2.839203923940658569e-02
-3.974008187651634216e-02
3.286823630332946777e-04
1.886102184653282166e-02
-2.999831363558769226e-02
1.875071600079536438e-02
8.157921023666858673e-03
2.256376482546329498e-02
-2.560374140739440918e-02
-3.414000570774078369e-02
-3.514722362160682678e-02
-1.532757654786109924e-02
9.148877114057540894e-03
1.393004786223173141e-02
-1.908112317323684692e-02
1.609682850539684296e-02
4.144914564676582813e-04
5.369177670218050480e-04
-4.090258385986089706e-03
-4.797178786247968674e-03
-1.512937061488628387e-02
2.912477403879165649e-02
6.220124661922454834e-03
3.006131388247013092e-03
-3.247392177581787109e-02
7.722652517259120941e-03
-1.291398517787456512e-02
1.511973235756158829e-02
-1.774101331830024719e-02
-1.253847964107990265e-02
1.160096842795610428e-02
-3.423244506120681763e-02
-2.346890047192573547e-02
2.848849445581436157e-02
3.193242475390434265e-02
2.794242231175303459e-03
1.164513081312179565e-02
3.716234117746353149e-03
1.358430087566375732e-02
1.304585020989179611e-02
-9.888708591461181641e-04
2.310470491647720337e-02
5.984380841255187988e-03
-2.272045612335205078e-02
1.516934856772422791e-02
-3.301159664988517761e-02
8.501678705215454102e-03
-1.198256760835647583e-02
2.951451204717159271e-02
-3.252829983830451965e-02
4.008986055850982666e-03
8.536864072084426880e-03
-3.186197951436042786e-02
1.416032295674085617e-02
-7.895294576883316040e-03
3.615489602088928223e-02
-9.482002817094326019e-03
-4.236017167568206787e-02
1.134134829044342041e-03
-2.431880682706832886e-03
5.614349618554115295e-03
1.990031264722347260e-02
6.340630352497100830e-03
-1.851263269782066345e-02
1.129985600709915161e-02
3.180956095457077026e-02
1.196104101836681366e-02
2.068223897367715836e-03
2.047192305326461792e-03
3.013081476092338562e-02
5.586357321590185165e-03
5.570281296968460083e-03
1.499917358160018921e-03
3.176273778080940247e-02
-3.096540644764900208e-02
2.883676439523696899e-02
-4.061681777238845825e-02
3.995933383703231812e-02
2.211784571409225464e-02
3.535161912441253662e-02
-9.616177529096603394e-03
3.487341850996017456e-02
-1.608896628022193909e-02
-1.152057759463787079e-02
-3.527269884943962097e-02
2.230091392993927002e-02
-3.580263257026672363e-02
-2.300192415714263916e-02
-3.599520027637481689e-02
-3.364541381597518921e-02
1.120199635624885559e-02
2.485082298517227173e-02
-1.850176602602005005e-03
-1.893758028745651245e-02
-3.433246165513992310e-02
3.079272061586380005e-02
1.656631194055080414e-02
-3.291346505284309387e-02
7.672239094972610474e-03
1.453221309930086136e-02
-3.600011020898818970e-02
2.445738948881626129e-02
3.696880489587783813e-02
2.857743576169013977e-02
-2.189152501523494720e-02
1.591828279197216034e-02
1.455077994614839554e-02
3.841743245720863342e-02
-2.765714004635810852e-02
-1.927985809743404388e-02
2.420618385076522827e-02
-1.113357255235314369e-03
-1.711079291999340057e-02
-2.929311245679855347e-02
2.040880918502807617e-02
-5.248241126537322998e-03
-9.900793433189392090e-03
2.321696281433105469e-02
3.980794548988342285e-02
-6.263080984354019165e-03
1.824438199400901794e-02
-1.555704511702060699e-02
3.438403457403182983e-02
1.971628889441490173e-02
3.807861357927322388e-03
-9.169155731797218323e-03
-2.099972404539585114e-02
3.188647329807281494e-02
1.740639656782150269e-02
3.545321896672248840e-02
3.337716311216354370e-02
5.087407771497964859e-03
1.482126116752624512e-02
-1.141838729381561279e-04
3.754807263612747192e-02
-2.407400496304035187e-02
-1.781972683966159821e-02
1.735722646117210388e-02
1.806228235363960266e-02
3.127206116914749146e-03
-2.571376971900463104e-02
4.110523313283920288e-02
-2.218412421643733978e-02
-1.150786876678466797e-03
3.047031909227371216e-02
-3.160804882645606995e-02
-1.384081784635782242e-02
3.780838847160339355e-02
-2.223004400730133057e-02
1.557025685906410217e-02
-1.913535967469215393e-02
9.629376232624053955e-03
-3.340940922498703003e-03
-3.637636825442314148e-02
-2.159820683300495148e-02
1.423902064561843872e-02
4.030829668045043945e-02
-1.434414088726043701e-02
2.492473833262920380e-02
2.847247384488582611e-02
-1.467386633157730103e-02
-2.286981791257858276e-02
-3.164918720722198486e-02
1.604555919766426086e-02
-1.596371270716190338e-02
-5.514420568943023682e-03
-3.699233382940292358e-02
-2.239510044455528259e-02
2.177979797124862671e-03
5.171277443878352642e-04
-9.124539792537689209e-04
8.186332881450653076e-03
-3.007005155086517334e-02
1.448830217123031616e-02
-1.554098259657621384e-02
2.681110054254531860e-02
-1.341372914612293243e-02
-2.490055374801158905e-02
2.203739807009696960e-02
2.895253896713256836e-02
2.378881443291902542e-03
3.105568932369351387e-03
8.614677935838699341e-03
3.408197313547134399e-02
9.686645120382308960e-03
2.749948948621749878e-02
-3.742523491382598877e-03
3.428604826331138611e-02
6.422620266675949097e-03
8.566908538341522217e-03
3.332358598709106445e-02
9.327377192676067352e-03
-2.617232128977775574e-02
-4.183394834399223328e-02
-3.495438490062952042e-03
2.550818026065826416e-04
-4.047139373142272234e-04
-3.035384044051170349e-02
1.861154474318027496e-02
-3.157809376716613770e-02
2.710658125579357147e-03
-5.276892334222793579e-03
-3.739981353282928467e-02
1.980978436768054962e-02
1.498182117938995361e-02
3.499908000230789185e-02
1.910069584846496582e-02
2.235113829374313354e-02
-3.701719269156455994e-02
-3.433178737759590149e-02
-1.354463957250118256e-02
3.845937550067901611e-02
-5.517963320016860962e-03
-3.805059939622879028e-02
7.716609165072441101e-03
-1.480493135750293732e-02
3.665241599082946777e-02
-5.427744239568710327e-03
3.310477733612060547e-02
-2.862878143787384033e-03
-3.247126936912536621e-02
-1.194097381085157394e-02
3.466808050870895386e-02
-2.026863396167755127e-02
-2.849990269169211388e-04
3.726088255643844604e-02
1.314147841185331345e-02
2.524893730878829956e-02
-3.624841570854187012e-02
1.180860213935375214e-02
-1.927560940384864807e-02
-7.933262735605239868e-03
1.870647445321083069e-02
-3.409967944025993347e-02
1.489125937223434448e-02
-1.157345809042453766e-02
-7.933326065540313721e-03
-1.368437428027391434e-02
-2.331595867872238159e-02
-9.626004844903945923e-03
1.290972530841827393e-02
-3.181190043687820435e-02
-3.833485767245292664e-02
4.231563210487365723e-02
6.596088409423828125e-03
3.581928461790084839e-02
1.395114511251449585e-02
1.403108704835176468e-02
2.152714878320693970e-02
3.884587809443473816e-02
