3.714860230684280396e-02
1.457371469587087631e-02
2.997393906116485596e-02
-4.681943729519844055e-02
9.590207599103450775e-03
2.216410823166370392e-02
-3.062245249748229980e-02
1.069686561822891235e-02
5.317976325750350952e-02
-4.646551609039306641e-02
-5.528121814131736755e-02
4.053949192166328430e-02
-1.659306883811950684e-02
-3.001726046204566956e-02
2.658325061202049255e-02
5.241339653730392456e-02
2.496033906936645508e-02
2.227764390408992767e-02
2.771354094147682190e-02
-8.370305411517620087e-03
-1.883401721715927124e-02
-9.182597510516643524e-03
9.946233592927455902e-03
-1.518821995705366135e-02
1.427351776510477066e-02
1.135801430791616440e-02
3.745920956134796143e-02
-5.738100782036781311e-02
2.303889021277427673e-02
-4.345501214265823364e-02
-3.351995721459388733e-02
-1.646609790623188019e-02
-9.986732155084609985e-03
-1.355401426553726196e-02
3.418392315506935120e-02
3.270940482616424561e-02
-2.465288713574409485e-02
1.453938893973827362e-02
-3.891153261065483093e-02
-8.621296845376491547e-03
9.077556431293487549e-03
-4.335011541843414307e-02
-3.755409270524978638e-02
3.921237587928771973e-02
3.436021134257316589e-02
4.943228513002395630e-02
2.542298473417758942e-02
1.645883917808532715e-02
2.308781258761882782e-02
-2.656356804072856903e-02
