   2.8487999999999999E-002   35.475484486358738     
   5.0042999999999997E-002   36.730572604048348     
   5.2926000000000001E-002   36.856354888519427     
   7.0085999999999996E-002   37.490493157494896     
   6.2668000000000001E-002   37.237131943806219     
   8.7589000000000000E-002   37.998720838890982     
   7.8576999999999994E-002   37.750606587717506     
   1.7226999999999999E-002   34.366219318980029     
   4.2233000000000000E-002   36.350765314111761     
   4.5295000000000002E-002   36.507224176536837     
   3.6479999999999999E-002   36.024325984079631     
   1.9598999999999998E-002   34.649948689865219     
  0.10091500000000000        38.324186268008503     
   2.7342000000000002E-002   35.384610119203330     
   7.4605000000000005E-002   37.632472431650875     
   2.6488999999999999E-002   35.314507194840274     
   4.9922000000000001E-002   36.725141045931515     
   3.0603999999999999E-002   35.634225521462163     
   1.6345641000000001E-002   34.250836553308559     
   1.5436300000000000E-002   34.125153795806149     
   3.0529000000000001E-002   35.628785638522636     
   2.4525000000000002E-002   35.144271944445556     
   2.3952999999999999E-002   35.092164733716757     
   2.6037999999999999E-002   35.276540343664955     
   4.8947999999999998E-002   36.680947987630319     
   2.4313999999999999E-002   35.125191155049258     
   1.5166000000000001E-002   34.086379709956937     
   3.5720000000000002E-002   35.977486328253420     
   4.8818000000000000E-002   36.674985060180575     
   2.1980005914600000E-002   34.902525648791439     
  0.12440000000000000        38.809225838541138     
   3.5999999999999997E-002   35.994855391767004     
   1.6320999999999999E-002   34.247522984282320     
   1.6729999999999998E-002   34.301892956740318     
   2.7500000000000000E-002   35.397358967214622     
   2.1793000000000000E-002   34.883688898372263     
   1.6449999999999999E-002   34.264815558318880     
   2.3207999999999999E-002   35.022430192741638     
   3.6457000000000003E-002   36.022922519360293     
   1.9264000000000000E-002   34.612002763763520     
   1.7604999999999999E-002   34.413927131496600     
   3.1528000000000000E-002   35.700193042578803     
   2.3536000000000001E-002   35.053399724072435     
   1.6743000000000001E-002   34.303599467789873     
   5.3710000000000001E-002   36.889411465901574     
   1.6990999999999999E-002   34.335905988115236     
   2.7865000000000001E-002   35.426537476082800     
   1.7173000000000001E-002   34.359319594115327     
   2.9954999999999999E-002   35.586713179518327     
   1.6559000000000001E-002   34.279322906118495     
   1.4999999999999999E-002   34.062226838443358     
   5.4399999999999997E-002   36.918120172956925     
  0.15609999999999999        39.341889039782515     
   3.9300000000000002E-002   36.190168413495883     
  0.12410000000000000        38.803597437416379     
  0.14410000000000001        39.153370457385321     
  0.12989999999999999        38.910204239762258     
   7.8399999999999997E-002   37.745465479882078     
   5.8299999999999998E-002   37.074043236983897     
   3.0900000000000000E-002   35.655568097866599     
   4.0599999999999997E-002   36.262744267021844     
   1.5200000000000000E-002   34.091294388118968     
   2.2400000000000000E-002   34.944261577564575     
   1.6000000000000000E-002   34.203898962987935     
   3.6200000000000003E-002   36.007181203366542     
   1.7299999999999999E-002   34.375512819640690     
   3.1199999999999999E-002   35.676995558619709     
   2.2100000000000002E-002   34.914529420298933     
   1.6000000000000000E-002   34.203898962987935     
   2.4899999999999999E-002   35.177788084622641     
   3.0300000000000001E-002   35.612094404951648     
   2.8299999999999999E-002   35.460825582109642     
   1.5200000000000000E-002   34.091294388118968     
   3.4500000000000003E-002   35.900219299076532     
   3.5999999999999997E-002   35.994855391767004     
   2.4799999999999999E-002   35.168899258206586     
   2.9200000000000000E-002   35.530153417373924     
   1.6299999999999999E-002   34.244695127081414     
   1.8700000000000001E-002   34.546621354224790     
   1.9500000000000000E-002   34.638801876583017     
   2.5600000000000001E-002   35.239043944262903     
   3.3700000000000001E-002   35.848087590486735     
   5.4600000000000003E-002   36.926375629538022     
   2.4000000000000000E-002   35.096492204875339     
   3.3599999999999998E-002   35.841486146266625     
   3.4099999999999998E-002   35.874303044674868     
   2.6100000000000002E-002   35.281797886029899     
   2.1100000000000001E-002   34.812467250904461     
   3.2099999999999997E-002   35.740087090380939     
   2.2100000000000002E-002   34.914529420298933     
   3.3399999999999999E-002   35.828225366607938     
   3.4099999999999998E-002   35.874303044674868     
   4.2099999999999999E-002   36.343721589215804     
   5.7599999999999998E-002   37.046814858945737     
   2.0500000000000001E-002   34.748915227120833     
   4.0200000000000000E-002   36.240657585024408     
   2.5999999999999999E-002   35.273311892548186     
   2.5899999999999999E-002   35.264793751620751     
   2.3900000000000001E-002   35.087274781595283     
   6.9000000000000006E-002   37.455062422464373     
   6.5100000000000005E-002   37.323242189591909     
   2.2900000000000000E-002   34.992954119937814     
   3.1500000000000000E-002   35.698222024565311     
   2.1499999999999998E-002   34.853852806255198     
   2.5499999999999998E-002   35.230394698992200     
   3.2500000000000001E-002   35.767573358971973     
   8.4300000000000000E-002   37.911126326329843     
   3.0800000000000001E-002   35.648380271578311     
   3.2700000000000000E-002   35.781192483551088     
   4.2299999999999997E-002   36.354305475302034     
   6.8400000000000002E-002   37.435256667490798     
   1.5299999999999999E-002   34.105686516840883     
   2.3300000000000001E-002   35.031160040765897     
   4.9099999999999998E-002   36.687900556899649     
   4.2500000000000003E-002   36.364840721591392     
   1.9199999999999998E-002   34.604679340880338     
   3.0800000000000001E-002   35.648380271578311     
   2.1200000000000000E-002   34.822885699812581     
   2.7699999999999999E-002   35.413393968336358     
   3.3500000000000002E-002   35.834865443310299     
   2.0799999999999999E-002   34.780917236134997     
   1.7299999999999999E-002   34.375512819640690     
   3.5999999999999997E-002   35.994855391767004     
   2.3300000000000001E-002   35.031160040765897     
   5.8900000000000001E-002   37.097131488232606     
   5.8299999999999998E-002   37.074043236983897     
   6.8800000000000000E-002   37.448478979598747     
   3.2099999999999997E-002   35.740087090380939     
   5.2200000000000003E-002   36.825317902428900     
   3.0800000000000001E-002   35.648380271578311     
   3.2899999999999999E-002   35.794730278442799     
   2.3000000000000000E-002   35.002566857697133     
   1.4999999999999999E-002   34.062226838443358     
   3.2099999999999997E-002   35.740087090380939     
   6.4299999999999996E-002   37.295263828176523     
   3.2000000000000001E-002   35.733163102370895     
   2.0899999999999998E-002   34.791483488053643     
   2.1899999999999999E-002   34.894486211368928     
   3.2000000000000001E-002   35.733163102370895     
   1.5100000000000001E-002   34.076808245000379     
   1.9199999999999998E-002   34.604679340880338     
   2.6599999999999999E-002   35.323754143400407     
   3.7699999999999997E-002   36.097557987073081     
   2.4700000000000000E-002   35.159975100397112     
   2.4199999999999999E-002   35.114814190279603     
   3.6600000000000001E-002   36.031634412560621     
   2.2900000000000000E-002   34.992954119937814     
   3.1199999999999999E-002   35.676995558619709     
   1.4999999999999999E-002   34.062226838443358     
   3.4099999999999998E-002   35.874303044674868     
   2.5100000000000001E-002   35.195460871985645     
   1.8900000000000000E-002   34.570026368544958     
   2.9802136901000000E-002   35.575375438085771     
   3.2134016861400001E-002   35.742437597995071     
   2.7568725910900000E-002   35.402881947427581     
   4.6967334615600001E-002   36.588382836851579     
   1.8315232036199999E-002   34.500890265090831     
   8.0048144002100002E-002   37.792912750478969     
   2.4185299080200000E-002   35.113472523777673     
   1.5027042763200001E-002   34.066179523265703     
   2.8396026811600000E-002   35.468324974921721     
   4.4976672611299999E-002   36.491446096119361     
   3.2912371088100002E-002   35.795565016100269     
   7.5350111981500004E-002   37.655086029814633     
   2.0374724529899999E-002   34.735414732759210     
   2.2971167578199999E-002   34.999799502401423     
   2.6809197480500001E-002   35.341078897042863     
   1.7931283362600001E-002   34.454300698102479     
   4.8392195395400003E-002   36.655345431861306     
   5.6683367075199997E-002   37.010672052741420     
   6.3864083696399995E-002   37.279876984692756     
  0.14629029606800001        39.188853872244543     
  0.12927820663400000        38.898992758846425     
  0.10271503393500001        38.364971744791674     
  0.24250468047599999        40.397842706603157     
  0.29840927363000003        40.906424653520013     
   4.3718911489500002E-002   36.428022960998149     
  0.11304264463700001        38.586620204841871     
  0.25647574272500001        40.534420795552627     
  0.29558555006300002        40.882948526823633     
  0.38035948733600000        41.511047727370695     
  0.14566854726100001        39.178832399196736     
  0.27345476888400000        40.691396817938511     
  0.29751883356100001        40.899043959492310     
  0.37896580203899999        41.501822692544444     
  0.38041651428599998        41.511424528666147     
  0.30175502953500000        40.933975613723838     
  0.34834502083500002        41.290749776576043     
   8.5689459360699993E-002   37.948522831032058     
  0.26058610831700002        40.573288179126820     
  0.21554332095299999        40.112226408238499     
  0.11762532876400000        38.678881470948753     
  0.18221823955999999        39.709196941287288     
  0.35750735703199998        41.355657408750766     
  0.14178799912600001        39.115360955350390     
  0.26053347695300000        40.572794107450363     
  0.23278110718200001        40.298403869277429     
  0.15185789466499999        39.276851474515304     
   9.3908631890499999E-002   38.158552479805557     
  0.28661870652200000        40.806994793130642     
  0.19431651214199999        39.862910747091384     
  0.14702513826800001        39.200646725499958     
  0.21158698149999999        40.067545220881740     
  0.18011977996799999        39.681569311596363     
  0.26349102659200002        40.600415188975987     
  0.19214998004400000        39.836052819682948     
  0.33880260913400001        41.221442276327984     
  0.11727736288899999        38.671996459620523     
  0.14240465240000000        39.125555469368130     
  0.16086185463600000        39.412948919395447     
  0.28841834458499999        40.822413778268022     
  0.12282889997000000        38.779606406560013     
  0.26364795064199997        40.601872678343732     
  0.12647316190100000        38.847774356086688     
  0.17274223055599999        39.581991148102894     
  0.16379589498700001        39.455757428324191     
  0.24951105479200000        40.467223350901492     
  0.25774030350900001        40.546439624198555     
  0.10671234010300000        38.453167356636314     
  0.15988993774800001        39.398606925698502     
  0.20497968534899999        39.991161196816250     
  0.24437887679699999        40.416582521405154     
  0.24850813067600000        40.457403709739950     
  0.22852847388100000        40.253695238457318     
   8.5854644143700004E-002   37.952930069655729     
   6.1835764693799998E-002   37.206923081332164     
  0.27785342261899998        40.730586958023785     
  0.27544019743499998        40.709158025823889     
  0.15524732822100001        39.328950647682980     
  0.33051244868300000        41.159743072582032     
  0.36193430883200001        41.386467014907360     
  0.33063462833000001        41.160662769124556     
  0.14462108597199999        39.161857929149377     
  0.38928878768800002        41.569417120366111     
  0.17391005656600000        39.598015618236325     
  0.30031269580199998        40.922133499112597     
  0.11634850259899999        38.653522487235392     
  0.21858518904099999        40.146063898171164     
  0.11967153800600000        38.718983023450562     
  0.15463209723900001        39.319573698867636     
  0.40831909216399997        41.689769321255980     
  0.17760069497700001        39.648003863874052     
  0.25066763111000001        40.478501999088543     
  0.25174018642399998        40.488918194041069     
  0.39159921344100002        41.584317177101994     
  0.12872673546700000        38.889006601460117     
  0.39960133497599998        41.635298682907148     
  0.30949264541100002        40.996621725015423     
  0.17062839674899999        39.552726458122933     
  0.27892467632800000        40.740044174875173     
  0.30858086607099999        40.989315684261655     
  0.18581244671000000        39.755833964918345     
   6.6440312340199995E-002   37.369382649080144     
  0.31642984469500002        41.051564149593283     
  0.25749788829699999        40.544139872524617     
  0.29877744408800000        40.909470382234488     
  0.27043444282700002        40.664146831567294     
  0.27945473260999998        40.744711149412232     
  0.29246975608199999        40.856801489737641     
  0.18885317538700000        39.794636185606187     
  0.26576247951800003        40.621434011677891     
  0.12427352877200000        38.806854634053565     
  0.18254891339700000        39.713523352960692     
  0.31288336415800000        41.023617310018793     
  0.30954733715799998        40.997059332104563     
   8.9019429293899999E-002   38.035840172720391     
  0.40245961921599999        41.653278779350984     
  0.20061171992800000        39.939395536490487     
  0.32639648320300002        41.128574690416649     
  0.21162959849300000        40.068030648090762     
  0.17968564076999999        39.675816054227454     
   9.3149402685499996E-002   38.139902352637080     
  0.30240162108000002        40.939267341822813     
  0.10863826552399999        38.494546489400392     
   8.5696117065200000E-002   37.948700619954984     
  0.20260867989699999        39.963190911275326     
  0.19671606857900001        39.892333389777399     
  0.12668798909000001        38.851734691778908     
  0.21456825865800000        40.101285802381618     
  0.32044698886099998        41.082871024069462     
  0.21834744540300000        40.143435092410414     
  0.18970656695099999        39.805421381559199     
   9.2936818199699997E-002   38.134654340488240     
  0.37966229357499998        41.506436820981492     
  0.21093839506100001        40.060146266170989     
  0.36660289878899999        41.418581368518552     
  0.42092682110300000        41.766660090904821     
  0.25802827056200001        40.549168910497727     
  0.18356840487699999        39.726816073123352     
  0.21254876509400000        40.078478292822005     
  0.36003421198899999        41.373286306337349     
  0.39397447827199999        41.599550379400860     
  0.11471262087000000        38.620644560214870     
  0.14370590699999999        39.146932266577451     
  0.25248606002899998        40.496137532787351     
  0.38729710746500001        41.556506511619922     
  0.34858385754400001        41.292461759662217     
  0.25549062002200001        40.525019662347653     
  0.21658282195400000        40.123839432916441     
  0.42999999999999999        41.820678084960427     
  0.62000000000000000        42.759137136578779     
  0.56999999999999995        42.541669121600009     
  0.29999999999999999        40.919559188483476     
  0.38000000000000000        41.508671232005483     
  0.42999999999999999        41.820678084960427     
  0.23999999999999999        40.372587619265644     
  0.44000000000000000        41.878996549187391     
  0.50000000000000000        42.204896824659308     
  0.96999999999999997        43.931117684919492     
  0.47899999999999998        42.095206107357122     
  0.82999999999999996        43.520648394698284     
  0.41599999999999998        41.736871563674057     
  0.58099999999999996        42.591015893064935     
  0.45000000000000001        41.936091393999931     
  0.57899999999999996        42.582109654395701     
  0.32000000000000001        41.079405559721259     
  0.65700000000000003        42.909627443746800     
  0.42999999999999999        41.820678084960427     
  0.47199999999999998        42.057640615497156     
  0.37400000000000000        41.468694847609001     
  0.17999999999999999        39.679983270494397     
  0.55000000000000004        42.449603221774240     
  0.59199999999999997        42.639489021439829     
  0.17199999999999999        39.571753789943081     
  0.52600000000000002        42.334872789435650     
  0.76300000000000001        43.299921318835118     
  0.57999999999999996        42.586566395028896     
  0.42999999999999999        41.820678084960427     
  0.45000000000000001        41.936091393999931     
  0.65600000000000003        42.905667025446100     
  0.49500000000000000        42.179176830919253     
  0.48999999999999999        42.153212330421262     
  0.56999999999999995        42.541669121600009     
  0.38800000000000001        41.561069886500995     
  0.45000000000000001        41.936091393999931     
  0.47999999999999998        42.100530635143905     
  0.61499999999999999        42.738151218804731     
  0.40000000000000002        41.637813662480561     
  0.65500000000000003        42.901700870018189     
  0.49800000000000000        42.194637869306383     
  0.46500000000000002        42.019550549684773     
  0.45300000000000001        41.952988987518850     
  0.42499999999999999        41.791043029942877     
  0.51400000000000001        42.275650845025233     
  0.42299999999999999        41.779097934070805     
  0.85899999999999999        43.610911686954388     
  0.93600000000000005        43.836985887483117     
  0.52800000000000002        42.344619604714183     
  0.97799999999999998        43.952799237343733     
  0.88500000000000001        43.689369163506690     
  0.81499999999999995        43.472760287666993     
  0.69799999999999995        43.067260135730272     
  0.56799999999999995        42.532600631523408     
  0.71099999999999997        43.115402994761503     
  0.33960000000000001        41.227302742604650     
  0.39650000000000002        41.615653785640852     
  0.81200000000000006        43.463080902001067     
  0.79900000000000004        43.420735370838550     
  0.88200000000000001        43.680430997052738     
  0.83299999999999996        43.530125881103778     
  0.87400000000000000        43.656451292783046     
  0.77200000000000002        43.330629687944054     
  0.17799999999999999        39.653353944524049     
  0.26000000000000001        40.567780910374132     
  0.18600000000000000        39.758244392885686     
  0.26900000000000002        40.651105947789986     
  0.21500000000000000        40.106135816602205     
  0.54300000000000004        42.416634264560621     
  0.75000000000000000        43.254946328508169     
  0.64000000000000001        42.841508628909025     
  0.42999999999999999        41.820678084960427     
  0.64000000000000001        42.841508628909025     
  0.49700000000000000        42.189493907508002     
  0.44000000000000000        41.878996549187391     
  0.35499999999999998        41.338049779238204     
  0.78000000000000003        43.357639113016823     
  0.54000000000000004        42.402382192304970     
  0.85999999999999999        43.613971480068109     
  0.46800000000000003        42.035940051093625     
  0.83999999999999997        43.552112665154091     
  0.95999999999999996        43.903769478277553     
  0.82179999999999997        43.494573851079998     
  0.93000000000000005        43.820029919115953     
  0.45100000000000001        41.941735580669167     
  0.60999999999999999        42.717003238727429     
  0.82999999999999996        43.520648394698284     
  0.70699999999999996        43.100679839429738     
  0.41499999999999998        41.730785267586967     
  0.55700000000000005        42.482179712731295     
  0.79100000000000004        43.394346093070610     
  0.69499999999999995        43.056028900275628     
  0.63300000000000001        42.812959592774632     
  0.24859999999999999        40.458304732999089     
  0.53200000000000003        42.364009645144911     
  0.33100000000000002        41.163411191624363     
  0.34599999999999997        41.273882527464899     
  0.96099999999999997        43.906516750195117     
  0.61299999999999999        42.729711614208448     
  0.34020000000000000        41.231704058970145     
  0.98299999999999998        43.966262604362917     
  0.70999999999999996        43.111729628458988     
  0.72999999999999998        43.184275604160845     
  0.46999999999999997        42.046811915899454     
  0.62000000000000000        42.759137136578779     
  0.52100000000000002        42.310352675017974     
  0.36899999999999999        41.434923230383788     
  0.57099999999999995        42.546192126584963     
  0.60399999999999998        42.691408183600529     
  0.92710000000000004        43.811796407543717     
  0.28499999999999998        40.793049080524774     
  0.29120000000000001        40.846071807323192     
  0.54800000000000004        42.440223982208138     
  0.86799999999999999        43.638326788776261     
  0.49600000000000000        42.184340240434580     
  0.81100000000000005        43.459846790703594     
  0.75600000000000001        43.275796049708362     
  0.81699999999999995        43.479194176808626     
  0.75200000000000000        43.261913927348665     
  0.55159999999999998        42.457083537027565     
  0.35780000000000001        41.357704981194615     
   1.0100000000000000        44.037829895589603     
  0.74099999999999999        43.223370412766506     
  0.42999999999999999        41.820678084960427     
  0.52600000000000002        42.334872789435650     
  0.59199999999999997        42.639489021439829     
  0.90500000000000003        43.748217626890032     
  0.94899999999999995        43.873364314912138     
  0.46070000000000000        41.995885773897761     
  0.37090000000000001        41.447806253927503     
  0.80000000000000004        43.424016158022390     
  0.67900000000000005        42.995337818577433     
  0.58169999999999999        42.594126244977680     
  0.55000000000000004        42.449603221774240     
  0.81000000000000005        43.456608839795301     
  0.94999999999999996        43.876142551748188     
  0.33729999999999999        41.210363893044985     
  0.91000000000000003        43.762732780746560     
  0.26300000000000001        40.595849390204691     
  0.64300000000000002        42.853653398098530     
  0.69099999999999995        43.040981848076086     
  0.35699999999999998        41.352103827303615     
  0.72099999999999997        43.151867847357863     
  0.58099999999999996        42.591015893064935     
  0.62680000000000002        42.787422327319362     
  0.81799999999999995        43.482405437490350     
  0.46270000000000000        42.006918205343759     
  0.44900000000000001        41.930435486095824     
  0.68799999999999994        43.029642010977177     
  0.87000000000000000        43.644381713337900     
  0.50429999999999997        42.226823988457589     
  0.59099999999999997        42.635117661038265     
  0.42599999999999999        41.796995945691137     
  0.32900000000000001        41.148332046762789     
  0.58299999999999996        42.599893255555521     
  0.51900000000000002        42.300482729888586     
  0.40100000000000002        41.644111916276785     
  0.20499999999999999        39.991399539828777     
  0.34000000000000002        41.230237754660919     
  0.43600000000000000        41.855818981862399     
  0.36299999999999999        41.393831458768943     
  0.43600000000000000        41.855818981862399     
  0.30900000000000000        40.992676666380127     
  0.34200000000000003        41.244864908255103     
  0.15900000000000000        39.385402798772283     
  0.33200000000000002        41.170919083706835     
  0.46899999999999997        42.041381400994332     
  0.23899999999999999        40.362436009198063     
  0.35199999999999998        41.316830225490264     
  0.61199999999999999        42.725482038376192     
  0.63100000000000001        42.804747756749236     
  0.64500000000000002        42.861720088623812     
  0.42899999999999999        41.814776863537297     
  0.49700000000000000        42.189493907508002     
  0.53900000000000003        42.397614955676708     
  0.56100000000000005        42.500622230570826     
  0.40999999999999998        41.700147391563235     
  0.41199999999999998        41.712444075516160     
  0.59899999999999998        42.669894699540350     
  0.61899999999999999        42.754952798887686     
  0.42199999999999999        41.773105635972918     
  0.54000000000000004        42.402382192304970     
  0.40100000000000002        41.644111916276785     
  0.21800000000000000        40.139588485916775     
  0.63300000000000001        42.812959592774632     
  0.38300000000000001        41.528439876450904     
  0.30199999999999999        40.935981697234155     
  0.34000000000000002        41.230237754660919     
  0.51000000000000001        42.255621636249607     
  0.42099999999999999        41.767100091766977     
  0.39900000000000002        41.631500738685659     
  0.49299999999999999        42.168820634796944     
  0.68700000000000006        43.025851599008170     
  0.68700000000000006        43.025851599008170     
  0.49500000000000000        42.179176830919253     
  0.60299999999999998        42.687118986434434     
  0.42099999999999999        41.767100091766977     
  0.34799999999999998        41.288274739686671     
  0.21299999999999999        40.083591840997563     
  0.34399999999999997        41.259412872256938     
  0.27100000000000002        40.669270819498507     
  0.56399999999999995        42.514373028447125     
  0.27400000000000002        40.696286222936770     
  0.18099999999999999        39.693194421409125     
  0.58199999999999996        42.595458172085699     
  0.68000000000000005        42.999170697637098     
  0.40100000000000002        41.644111916276785     
  0.41599999999999998        41.736871563674057     
  0.28599999999999998        40.801673071252829     
  0.56200000000000006        42.505213509363259     
  0.26600000000000001        40.623622262588682     
  0.31400000000000000        41.032448143617984     
  0.58099999999999996        42.591015893064935     
  0.46300000000000002        42.008569225718638     
  0.34100000000000003        41.237561285802094     
  0.63100000000000001        42.804747756749236     
  0.52200000000000002        42.315274319198423     
  0.36799999999999999        41.428117913344359     
  0.30900000000000000        40.992676666380127     
  0.52800000000000002        42.344619604714183     
  0.21600000000000000        40.117334708112615     
  0.28399999999999997        40.784396971400881     
  0.50800000000000001        42.245551720484301     
  0.78100000000000003        43.360996582154222     
  0.61299999999999999        42.729711614208448     
  0.27800000000000002        40.731882964714586     
  0.47699999999999998        42.084525782406359     
  0.94999999999999996        43.876142551748188     
   1.0569999999999999        44.158062429378269     
  0.81599999999999995        43.475979129801743     
  0.45500000000000002        41.964196097897634     
   1.0200000000000000        44.063863113033449     
   1.1399999999999999        44.358119392169726     
  0.85399999999999998        43.595560925979143     
   1.3700000000000001        44.845284997465129     
  0.97499999999999998        43.944688976591394     
  0.96999999999999997        43.931117684919492     
  0.73999999999999999        43.219839353060145     
   1.3899999999999999        44.883727107437082     
  0.46000000000000002        41.992013849278528     
   1.0200000000000000        44.063863113033449     
   1.1200000000000001        44.311254705743735     
   1.2300000000000000        44.559441968256422     
   1.1899999999999999        44.471825123334241     
  0.83899999999999997        43.548982537641216     
   1.0100000000000000        44.037829895589603     
  0.52100000000000002        42.310352675017974     
  0.47499999999999998        42.073803487689375     
  0.94999999999999996        43.876142551748188     
   1.3000000000000000        44.706189364717673     
   1.3049999999999999        44.716369140014990     
  0.21600000000000000        40.117334708112615     
  0.73499999999999999        43.202115309289354     
   1.1399999999999999        44.358119392169726     
   1.3069999999999999        44.720430198143013     
   1.2649999999999999        44.633822778497318     
  0.67000000000000004        42.960598217828398     
  0.64000000000000001        42.841508628909025     
   1.3400000000000001        44.786559675499127     
  0.83999999999999997        43.552112665154091     
  0.93500000000000005        43.834167239202785     
  0.95299999999999996        43.884460225934752     
   1.1240000000000001        44.320693194324782     
  0.55200000000000005        42.458950425466718     
  0.67100000000000004        42.964480017576101     
  0.51100000000000001        42.260642714953583     
   1.0300000000000000        44.089648025315341     
   1.1919999999999999        44.476274664458380     
   1.0920000000000001        44.244242047208054     
  0.97399999999999998        43.941980151428290     
   1.1100000000000001        44.287512627587539     
   1.3500000000000001        44.806279097775679     
  0.84999999999999998        43.583217701249083     
   1.2410000000000001        44.583042424498643     
   1.4139999999999999        44.929135330471311     
   1.1879999999999999        44.467368187658771     
   1.0169999999999999        44.056079431616482     
   1.3149999999999999        44.736612874979720     
  0.82099999999999995        43.492016589148527     
   1.2150000000000001        44.526920506730491     
  0.62300000000000000        42.771651924902741     
