-1.999999973827799593e+00 -1.999999973690301580e+00
-9.119906067848205566e+00 -9.109193593263626099e+00
3.780930638313293457e-01 3.908530771732330322e-01
3.760887980461120605e-01 3.914875090122222900e-01
3.759859204292297363e-01 3.893621861934661865e-01
3.757797479629516602e-01 3.880031108856201172e-01
3.733319640159606934e-01 3.853870332241058350e-01
3.734742403030395508e-01 3.844639360904693604e-01
3.733990788459777832e-01 3.838694691658020020e-01
3.729442358016967773e-01 3.853496909141540527e-01
3.755824565887451172e-01 3.872257769107818604e-01
3.763000965118408203e-01 3.835243880748748779e-01
3.752049207687377930e-01 3.804767429828643799e-01
3.748643398284912109e-01 3.844178617000579834e-01
3.751044869422912598e-01 3.833028674125671387e-01
3.751747012138366699e-01 3.843277692794799805e-01
3.743751645088195801e-01 3.845427334308624268e-01
3.730348348617553711e-01 3.813422024250030518e-01
3.749675750732421875e-01 3.841598629951477051e-01
3.770112395286560059e-01 3.860597908496856689e-01
