-1.999999975009167041e+00 -1.999999971482555150e+00
-9.225690126419067383e+00 -8.905910193920135498e+00
2.761144340038299561e-01 5.962946414947509766e-01
2.751336991786956787e-01 5.961645245552062988e-01
2.741078436374664307e-01 5.959682464599609375e-01
2.732517123222351074e-01 5.952743291854858398e-01
2.741318643093109131e-01 5.999033451080322266e-01
2.755199968814849854e-01 6.000086665153503418e-01
2.756179273128509521e-01 6.008520722389221191e-01
2.768101394176483154e-01 6.028949618339538574e-01
2.737326920032501221e-01 6.003539562225341797e-01
2.722482085227966309e-01 5.959247946739196777e-01
2.703859508037567139e-01 5.984560251235961914e-01
2.720257639884948730e-01 6.002134680747985840e-01
2.727550864219665527e-01 5.984689593315124512e-01
2.719730436801910400e-01 5.980736613273620605e-01
2.704319357872009277e-01 5.930175185203552246e-01
2.705974280834197998e-01 5.924689173698425293e-01
2.700825035572052002e-01 5.893679857254028320e-01
2.711406946182250977e-01 5.899927616119384766e-01
