-9.987317800521851030e-01 2.657771110534667969e-03
-9.992432117462157759e-01 3.282189369201660156e-03
-1.000058555603027255e+00 1.277446746826171875e-03
-9.986387014389037642e-01 3.461420536041259766e-03
-9.992408037185669389e-01 2.274751663208007812e-03
-9.989178657531738725e-01 3.790497779846191406e-03
-9.992887735366821067e-01 5.483210086822509766e-03
-9.999337196350097656e-01 1.016795635223388672e-03
-9.986591339111328125e-01 4.308521747589111328e-03
-9.995062112808227317e-01 1.941025257110595703e-03
-1.000064432621002197e+00 2.949237823486328125e-04
-9.985962390899658647e-01 4.288196563720703125e-03
-1.000285482406616300e+00 2.093911170959472656e-03
-1.000420832633972079e+00 -9.418129920959472656e-04
-9.990175008773803933e-01 2.305984497070312500e-03
-9.991708278656006303e-01 3.542184829711914062e-03
-9.990352153778075950e-01 1.645207405090332031e-03
-9.993324995040893111e-01 1.627147197723388672e-03
-1.001064515113830655e+00 1.919269561767578125e-05
-9.987089395523071067e-01 3.227531909942626953e-03
-9.994370937347412109e-01 1.636385917663574219e-03
-9.997606992721557173e-01 -6.607770919799804688e-04
-9.994456291198730025e-01 4.183411598205566406e-03
-1.000559031963348389e+00 1.910924911499023438e-04
-9.998489379882812278e-01 1.495063304901123047e-03
-9.996056079864501509e-01 1.492023468017578125e-03
-9.998010396957397461e-01 -3.075599670410156250e-05
-1.000703346729278520e+00 -1.579523086547851562e-05
-9.989755153656005859e-01 1.953721046447753906e-03
-9.991822719573975053e-01 4.333734512329101562e-03
-9.994889259338378684e-01 2.258300781250000000e-03
-9.984375953674315962e-01 3.676831722259521484e-03
-1.000162315368652299e+00 2.083778381347656250e-04
-9.991261720657348411e-01 2.536356449127197266e-03
-9.997089385986328569e-01 2.602517604827880859e-03
-9.990244388580322710e-01 1.555502414703369141e-03
-1.000194501876831010e+00 3.048896789550781250e-03
-9.991691589355469194e-01 2.450346946716308594e-03
-1.000367331504821822e+00 1.244246959686279297e-03
-9.999383449554443137e-01 3.903508186340332031e-04
-1.000212323665618852e+00 6.245970726013183594e-04
-9.996884584426879439e-01 2.798140048980712891e-03
-9.997751712799072266e-01 9.179115295410156250e-04
-9.997499704360961470e-01 7.915496826171875000e-05
-9.998982429504394975e-01 2.445936203002929688e-03
-9.996076345443725142e-01 3.015875816345214844e-03
-9.987405538558959961e-01 4.865348339080810547e-03
-9.997972011566161887e-01 3.719985485076904297e-03
-9.995218276977538840e-01 3.080546855926513672e-03
-9.996052503585814986e-01 2.906799316406250000e-03
-9.989819049835204634e-01 3.029644489288330078e-03
-1.000014865398406894e+00 -6.538629531860351562e-05
-1.000343537330627530e+00 -1.370906829833984375e-05
-9.994524002075195757e-01 2.781093120574951172e-03
-9.997055292129516380e-01 7.758140563964843750e-04
-9.993039608001709206e-01 2.675652503967285156e-03
-9.989810705184936079e-01 4.721283912658691406e-03
-1.000023961067199707e+00 2.814948558807373047e-03
-1.000215852260589511e+00 1.107454299926757812e-03
-9.993953466415405051e-01 6.748437881469726562e-04
-1.000233650207519531e+00 3.868520259857177734e-03
-9.995147705078124556e-01 9.832978248596191406e-04
-9.995929002761840820e-01 1.979589462280273438e-03
-9.993034362792968528e-01 2.104818820953369141e-03
-9.992918491363524947e-01 3.051996231079101562e-03
-9.997117042541503462e-01 7.959008216857910156e-04
-9.997882366180419478e-01 2.473711967468261719e-03
-1.000126993656158536e+00 -6.059408187866210938e-04
-9.999066829681396706e-01 1.162767410278320312e-03
-9.998550653457641824e-01 1.615643501281738281e-03
-1.000175285339355513e+00 2.080202102661132812e-03
-1.000470316410064786e+00 1.711249351501464844e-04
-9.993031978607177512e-01 2.024352550506591797e-03
-9.987729310989379439e-01 1.673519611358642578e-03
-9.999013900756835715e-01 5.337595939636230469e-04
-9.997334003448485884e-01 2.014219760894775391e-03
-9.998062372207641157e-01 1.549243927001953125e-03
-9.985420703887939453e-01 3.591120243072509766e-03
-9.999959230422973411e-01 -3.186464309692382812e-04
-1.000424683094024658e+00 1.772642135620117188e-03
-1.000112426280975297e+00 3.980159759521484375e-03
-1.001039600372314542e+00 2.327084541320800781e-03
-9.995217800140381303e-01 1.625716686248779297e-03
-1.000238156318664640e+00 6.279945373535156250e-04
-1.000049948692321777e+00 6.276369094848632812e-05
-1.000758349895477295e+00 8.109807968139648438e-04
-9.994118690490723100e-01 1.406431198120117188e-03
-1.000182175636291415e+00 3.562688827514648438e-03
-1.000103378295898349e+00 -2.693533897399902344e-04
-1.000153815746307462e+00 3.613829612731933594e-04
-1.000181317329406738e+00 1.493036746978759766e-03
-9.987290382385254350e-01 2.236485481262207031e-03
-9.989536285400391069e-01 2.172768115997314453e-03
-1.000163793563842773e+00 1.259326934814453125e-03
-1.000088524818420366e+00 8.295774459838867188e-04
-9.999989986419677290e-01 -5.784630775451660156e-04
-1.000679707527160733e+00 2.119719982147216797e-03
-9.994211673736572710e-01 5.688667297363281250e-04
-1.000153613090515092e+00 3.616809844970703125e-04
-9.990496397018432395e-01 3.486037254333496094e-03
-9.998978376388549805e-01 1.375377178192138672e-03
-1.000070130825042813e+00 2.019584178924560547e-03
-9.997240304946899414e-01 2.672195434570312500e-03
-1.001645004749298185e+00 -2.958774566650390625e-04
-1.000861716270446733e+00 -2.740323543548583984e-04
-9.994162797927856889e-01 2.878546714782714844e-03
-1.000475049018859863e+00 6.300210952758789062e-04
-1.000686371326446444e+00 2.245783805847167969e-03
-9.991494178771972434e-01 1.974701881408691406e-03
-9.999719619750976340e-01 -2.573758363723754883e-03
-9.994046211242675337e-01 2.779364585876464844e-04
-9.992961645126342551e-01 -1.580029726028442383e-03
-9.992718458175658958e-01 4.860162734985351562e-04
-9.990607023239135298e-01 1.281321048736572266e-03
-9.983577966690063699e-01 2.973675727844238281e-04
-9.989652633666992188e-01 1.144289970397949219e-03
-1.000192713737487749e+00 1.389741897583007812e-03
-9.998618602752685769e-01 1.151144504547119141e-03
-1.000224828720092773e+00 1.756072044372558594e-03
-1.000454688072204501e+00 -4.179477691650390625e-04
-9.999715328216552956e-01 3.339529037475585938e-03
-9.995017290115356667e-01 -2.551674842834472656e-04
-9.998830318450927512e-01 2.951145172119140625e-03
-9.991617679595947710e-01 4.149794578552246094e-03
-9.978757858276366965e-01 5.210161209106445312e-03
-9.993239879608154519e-01 1.400887966156005859e-03
-9.998701810836791992e-01 -2.119064331054687500e-03
-9.983861207962035911e-01 4.227995872497558594e-03
-9.998519897460937944e-01 -5.643069744110107422e-04
-9.972508668899535689e-01 3.846347332000732422e-03
-9.995898008346557617e-01 4.267394542694091797e-03
-9.990255355834960493e-01 2.006292343139648438e-03
-9.990137577056884544e-01 6.349503993988037109e-03
-9.977247238159179243e-01 2.324581146240234375e-03
-1.000018143653869540e+00 1.682460308074951172e-03
-9.985031127929687722e-01 6.003201007843017578e-03
-9.991737365722656028e-01 2.428770065307617188e-03
-9.987667560577392356e-01 1.657426357269287109e-03
-9.998787164688109907e-01 4.931032657623291016e-03
-9.969605207443237305e-01 2.299070358276367188e-03
-9.982225418090819868e-01 6.279647350311279297e-03
-9.999560594558716264e-01 4.089057445526123047e-03
-9.999773025512694868e-01 5.724072456359863281e-03
-9.980852365493774192e-01 6.054162979125976562e-03
-9.986205577850342241e-01 5.257308483123779297e-03
-1.000375735759735152e+00 5.492150783538818359e-03
-9.992926597595215288e-01 3.046572208404541016e-03
-9.992261886596679465e-01 2.973556518554687500e-03
-9.989398717880249023e-01 5.524933338165283203e-03
-9.995301246643066850e-01 3.050088882446289062e-03
-9.994720458984375222e-01 2.028584480285644531e-03
-9.984422206878662553e-01 3.915250301361083984e-03
-9.977785587310791238e-01 4.756569862365722656e-03
-9.990559816360473633e-01 5.192279815673828125e-03
-1.001519703865051181e+00 5.930304527282714844e-03
-9.980959177017212358e-01 3.838360309600830078e-03
-9.994054079055786355e-01 2.426087856292724609e-03
-9.990546226501464400e-01 5.552172660827636719e-03
-9.990834712982177290e-01 6.119549274444580078e-03
-9.995748043060302956e-01 1.345872879028320312e-03
-9.982808113098144975e-01 2.914190292358398438e-03
-9.967942714691162553e-01 5.806028842926025391e-03
-9.986323595046997514e-01 2.057611942291259766e-03
-9.989759683609008567e-01 1.599848270416259766e-03
-1.000269544124603227e+00 3.665804862976074219e-03
-9.992319822311401811e-01 5.987465381622314453e-03
-9.979974985122680442e-01 4.057407379150390625e-03
-1.000777697563171476e+00 5.660653114318847656e-04
-9.994697570800781250e-01 2.406597137451171875e-03
-9.988517284393310103e-01 3.659784793853759766e-03
-9.989326477050781694e-01 2.365827560424804688e-03
-1.000886952877044767e+00 7.476210594177246094e-04
-9.989916324615478738e-01 5.104601383209228516e-03
-9.984725713729858398e-01 2.949595451354980469e-03
-1.000088441371917769e+00 -1.511573791503906250e-04
-1.001266860961913974e+00 -3.320574760437011719e-04
-9.992509365081787553e-01 6.313443183898925781e-03
-9.990993022918701616e-01 5.365431308746337891e-03
-9.989017963409423384e-01 7.637381553649902344e-03
-9.983874082565307173e-01 5.430400371551513672e-03
-9.985677480697632280e-01 2.723813056945800781e-03
-9.988132715225219727e-01 1.585662364959716797e-03
-9.987094163894653098e-01 4.473865032196044922e-03
-9.993150711059570757e-01 5.109310150146484375e-04
-9.994886636734008345e-01 8.074820041656494141e-03
-9.991231441497803178e-01 1.803159713745117188e-03
-9.984051942825317161e-01 3.859460353851318359e-03
-9.982666254043579546e-01 2.701878547668457031e-03
-1.000623500347137540e+00 9.066045284271240234e-03
-9.987251520156860130e-01 6.128072738647460938e-03
-9.990853548049927202e-01 4.917263984680175781e-03
-1.000132727622985884e+00 -1.240581274032592773e-03
-9.968956947326660378e-01 3.513872623443603516e-03
-9.996327638626099077e-01 2.603232860565185547e-03
-9.968796730041503684e-01 9.505152702331542969e-03
-9.986603498458862527e-01 4.607439041137695312e-04
-1.000679910182952881e+00 3.444671630859375000e-03
-9.985237360000610574e-01 4.138827323913574219e-03
-9.987025260925292969e-01 2.531170845031738281e-03
-9.984068870544433594e-01 3.503859043121337891e-03
-9.982645750045776589e-01 5.394101142883300781e-03
-9.974928379058838335e-01 4.150986671447753906e-03
-9.993492364883422852e-01 4.398941993713378906e-03
-9.988156080245971236e-01 1.876950263977050781e-03
-9.989989280700684038e-01 6.243586540222167969e-04
-9.976583719253540039e-01 1.291334629058837891e-03
-9.993875265121460183e-01 6.463408470153808594e-03
-9.988977670669555442e-01 5.932807922363281250e-03
-9.997877120971679910e-01 3.494441509246826172e-03
-1.000850355625152677e+00 2.027750015258789062e-03
-9.978676080703735574e-01 4.733622074127197266e-03
-9.984964609146118608e-01 4.198610782623291016e-03
-9.977428674697875755e-01 5.349040031433105469e-03
-1.000955653190612749e+00 3.713071346282958984e-03
-9.992560863494872603e-01 5.090355873107910156e-03
-9.993829488754272239e-01 6.736338138580322266e-03
-9.974049806594849077e-01 2.844154834747314453e-03
-9.994167804718017134e-01 5.528926849365234375e-03
-9.987555027008057085e-01 6.589591503143310547e-03
-9.978253841400146484e-01 3.367662429809570312e-03
-9.999393463134765847e-01 5.534291267395019531e-03
-9.988785982131958008e-01 3.129422664642333984e-03
-9.996495246887207031e-01 2.877652645111083984e-03
-9.995018720626831499e-01 7.205128669738769531e-03
-9.980799674987792525e-01 2.819061279296875000e-03
-9.991544961929321733e-01 2.009570598602294922e-03
-9.982393503189086470e-01 -7.692575454711914062e-04
-9.994933605194091797e-01 5.081951618194580078e-03
-9.975377082824706809e-01 3.799021244049072266e-03
-9.969108581542969194e-01 6.860494613647460938e-03
-9.997995853424072044e-01 1.715123653411865234e-03
-9.997262001037597878e-01 5.485773086547851562e-03
-9.998617887496947798e-01 3.551304340362548828e-03
-9.985090017318725142e-01 4.152536392211914062e-03
-9.991230010986328347e-01 4.370391368865966797e-03
-9.994975328445434570e-01 1.531302928924560547e-03
-9.988649368286133257e-01 3.213763236999511719e-03
-9.988930225372314453e-01 5.875885486602783203e-03
-9.997174739837646484e-01 4.117071628570556641e-03
-9.975049018859862837e-01 5.210399627685546875e-03
-9.991313695907593218e-01 -1.818060874938964844e-03
-9.974947214126587136e-01 1.999616622924804688e-03
-9.991153717041015847e-01 5.113542079925537109e-03
-1.000791549682617188e+00 3.695487976074218750e-03
-9.997512578964233843e-01 6.418049335479736328e-03
-9.997024536132812500e-01 1.779198646545410156e-03
-9.980123519897461382e-01 2.037405967712402344e-03
-9.992674589157104492e-01 4.426658153533935547e-03
-9.984291791915893555e-01 3.955960273742675781e-04
-9.979332923889160378e-01 4.639506340026855469e-03
-9.986054420471190962e-01 3.367841243743896484e-03
-9.977628946304321067e-01 3.368794918060302734e-03
-9.982074499130249023e-01 1.737833023071289062e-03
-9.999294519424438699e-01 1.539468765258789062e-03
-9.995041608810424361e-01 1.567363739013671875e-03
-9.995900630950927956e-01 3.594994544982910156e-03
-9.989183902740478294e-01 2.176403999328613281e-03
-9.986412763595581277e-01 3.415942192077636719e-03
-9.977952480316162331e-01 3.189682960510253906e-03
-1.000379753112792924e+00 4.256308078765869141e-03
-9.993074178695678933e-01 1.401126384735107422e-03
-1.000214445590972945e+00 2.001821994781494141e-03
-9.980499267578124556e-01 5.572259426116943359e-03
-9.986331939697266069e-01 5.889356136322021484e-03
-9.977144956588744895e-01 -8.292198181152343750e-04
-9.989666461944579634e-01 4.632711410522460938e-03
-9.987319946289062722e-01 6.141424179077148438e-03
-9.992429494857788530e-01 4.438877105712890625e-03
-9.995551109313964844e-01 5.954146385192871094e-03
-9.982141971588134322e-01 2.320528030395507812e-03
-9.984061241149901900e-01 3.946781158447265625e-03
-9.967994689941406250e-01 5.073845386505126953e-03
-9.968645811080932839e-01 8.835613727569580078e-03
-9.997405052185058816e-01 6.561398506164550781e-03
-9.981212854385376199e-01 1.066446304321289062e-03
-9.996794462203979492e-01 2.172291278839111328e-03
-9.983848094940185325e-01 6.073355674743652344e-03
-9.988861083984375000e-01 7.989823818206787109e-03
-1.001055955886840820e+00 3.007829189300537109e-03
-9.981218338012695090e-01 -8.364915847778320312e-04
-9.980604410171508567e-01 4.433035850524902344e-03
-9.987931489944458230e-01 2.609252929687500000e-03
-9.996183633804320845e-01 2.813935279846191406e-03
-9.993682146072387917e-01 5.138635635375976562e-03
-9.993111133575439675e-01 8.372068405151367188e-04
-9.995629072189331499e-01 2.311050891876220703e-03
-9.988264799118041770e-01 1.248002052307128906e-03
-9.990768432617187500e-01 -1.492768526077270508e-03
-9.981690168380736861e-01 5.021035671234130859e-03
-9.987571954727172407e-01 2.773821353912353516e-03
-9.987115621566772239e-01 4.082322120666503906e-03
-9.992039203643798828e-01 2.334833145141601562e-03
-1.000165426731109530e+00 2.157270908355712891e-03
-9.985279321670532671e-01 5.257725715637207031e-03
-9.996774196624755859e-01 1.220524311065673828e-03
-9.993193149566650391e-01 7.063567638397216797e-03
-9.991839647293090376e-01 2.877414226531982422e-03
-1.000078105926513583e+00 -8.945167064666748047e-04
-9.988419055938720925e-01 5.064427852630615234e-03
-9.985408306121825728e-01 4.895448684692382812e-03
-9.995338916778564453e-01 2.479195594787597656e-03
-1.000817763805389449e+00 2.188682556152343750e-03
-9.993908405303955078e-01 -1.876085996627807617e-03
-1.000502431392669589e+00 2.299308776855468750e-03
-1.000104463100433438e+00 9.108185768127441406e-04
-9.996789932250976785e-01 9.230375289916992188e-04
-1.000041687488555819e+00 1.811981201171875000e-05
-1.000513255596160889e+00 4.456818103790283203e-03
-1.000328660011291504e+00 2.308189868927001953e-03
-9.991859912872314009e-01 3.550589084625244141e-03
-9.992880582809448020e-01 4.033327102661132812e-03
-9.985518932342529741e-01 2.422749996185302734e-03
-9.989020586013793723e-01 2.227246761322021484e-03
-9.981487751007079856e-01 2.984285354614257812e-03
-9.999368190765380859e-01 3.494381904602050781e-03
-9.996835231781006081e-01 4.375636577606201172e-03
-1.000504136085510254e+00 1.577138900756835938e-03
-9.984168529510497603e-01 4.541873931884765625e-04
-9.977172374725341575e-01 8.889496326446533203e-03
-9.998513698577881081e-01 4.353225231170654297e-03
-9.997972011566161887e-01 2.290427684783935547e-03
-9.975688695907592995e-01 2.364754676818847656e-03
-9.996184825897216353e-01 -2.179682254791259766e-03
-1.000833547115326017e+00 -2.477049827575683594e-03
-1.001159489154815674e+00 -1.282066106796264648e-03
-9.984464883804321511e-01 4.641592502593994141e-03
-9.983771562576293501e-01 3.619909286499023438e-03
-1.000060594081878751e+00 9.961128234863281250e-04
-9.992833614349365678e-01 1.173019409179687500e-04
-9.995854139328003152e-01 1.356005668640136719e-04
-9.992174386978149858e-01 3.896951675415039062e-03
-1.000500547885894820e+00 1.470088958740234375e-03
-1.000599992275237993e+00 1.213252544403076172e-03
-9.975374937057495117e-01 3.686308860778808594e-03
-9.982872962951659934e-01 1.940667629241943359e-03
-9.995156764984131081e-01 -1.988261938095092773e-03
-1.000381588935852051e+00 1.149058341979980469e-03
-9.987807750701904741e-01 7.858872413635253906e-04
-1.000046217441558749e+00 -3.110766410827636719e-04
-9.992928028106689009e-01 2.271592617034912109e-03
-9.996783971786499245e-01 2.964556217193603516e-03
-1.001468491554260209e+00 5.690395832061767578e-03
-9.990746736526489036e-01 7.583498954772949219e-04
-1.000160014629364102e+00 1.624524593353271484e-03
-9.997724771499634233e-01 1.699328422546386719e-03
-9.992206335067749245e-01 5.537867546081542969e-04
-9.997633934020996316e-01 -9.713172912597656250e-04
-9.991228342056274192e-01 4.775822162628173828e-03
-9.994225025177001509e-01 1.869142055511474609e-03
-1.000192260742187589e+00 1.158714294433593750e-03
-9.993988275527954102e-01 3.225564956665039062e-03
-9.993154287338257280e-01 1.540720462799072266e-03
-9.998594045639037642e-01 3.637313842773437500e-03
-9.995582342147827370e-01 1.198351383209228516e-03
-9.999336004257202148e-01 1.396536827087402344e-03
-1.000568830966949374e+00 -9.712576866149902344e-04
-1.000316834449768155e+00 2.229928970336914062e-03
-1.000350975990295321e+00 -2.805888652801513672e-04
-1.000481331348419101e+00 7.557868957519531250e-05
-9.998200416564941850e-01 1.697540283203125000e-03
-9.999509572982787642e-01 1.427769660949707031e-03
-9.993595123291015847e-01 -2.520084381103515625e-04
-9.988872766494750755e-01 2.028703689575195312e-03
-9.993209362030028853e-01 3.937304019927978516e-03
-1.000462341308593794e+00 -1.560181379318237305e-03
-9.996523141860962358e-01 1.502335071563720703e-03
-1.000349187850952060e+00 2.993464469909667969e-03
-1.000045895576477051e+00 1.748800277709960938e-03
-9.984169960021972434e-01 2.870738506317138672e-03
-9.989104270935058594e-01 2.273142337799072266e-03
-1.001280283927917569e+00 -9.151697158813476562e-04
-9.981626510620117410e-01 -7.034242153167724609e-04
-1.000091266632080034e+00 7.109045982360839844e-04
-9.986832380294800027e-01 7.924437522888183594e-04
-9.993232011795043501e-01 3.625750541687011719e-03
-9.993560791015625444e-01 -3.874301910400390625e-04
-9.998499631881714311e-01 -3.311097621917724609e-03
-9.995471954345702681e-01 1.802027225494384766e-03
-9.995973110198974609e-01 2.565801143646240234e-03
-9.983469486236572488e-01 1.389980316162109375e-03
-9.988352298736572488e-01 1.731812953948974609e-03
-9.994790554046630859e-01 -4.847943782806396484e-04
-1.000652468204498380e+00 -1.275926828384399414e-03
-1.000114405155181796e+00 -4.063248634338378906e-04
-9.985437154769897239e-01 -9.605288505554199219e-05
-9.995890378952025923e-01 1.520752906799316406e-03
-9.989539146423339622e-01 1.474022865295410156e-04
-1.000097882747650102e+00 3.100335597991943359e-03
-1.000542294979095415e+00 -1.068979501724243164e-03
-1.000939655303955123e+00 -1.845270395278930664e-03
-9.994231462478637695e-01 -3.072321414947509766e-04
-9.997345447540283425e-01 -5.340576171875000000e-05
-9.998383522033691406e-01 -2.511680126190185547e-03
-9.999919652938842329e-01 -1.952052116394042969e-05
-1.000007975101470992e+00 2.170205116271972656e-04
-9.992049455642699751e-01 -1.293122768402099609e-04
-1.001060938835144132e+00 2.158939838409423828e-03
-9.998948812484741433e-01 1.364409923553466797e-03
-1.001102697849273637e+00 5.960464477539062500e-04
-9.997927904129028098e-01 9.144544601440429688e-04
-9.993272066116333230e-01 -2.296090126037597656e-03
-9.998962402343749556e-01 2.351939678192138672e-03
-9.989867448806762917e-01 2.679467201232910156e-03
-9.996585607528686301e-01 -4.097819328308105469e-04
-1.000791764259338468e+00 -1.920253038406372070e-03
-9.990111589431762695e-01 1.297056674957275391e-03
-9.998534202575684038e-01 9.048581123352050781e-04
-9.995971441268920454e-01 4.930496215820312500e-04
-9.993686199188231978e-01 -7.329285144805908203e-04
-1.000574958324432329e+00 -1.100748777389526367e-03
-9.995239496231078657e-01 1.178503036499023438e-03
-1.000318408012390137e+00 4.138350486755371094e-04
-9.991165637969970925e-01 2.365469932556152344e-03
-9.995563030242919922e-01 1.735210418701171875e-03
-9.993760347366332786e-01 1.994729042053222656e-03
-9.989768505096435769e-01 1.637101173400878906e-03
-9.997193098068237749e-01 1.778304576873779297e-03
-1.000378561019897417e+00 -5.120038986206054688e-05
-9.990795850753784180e-01 7.557868957519531250e-04
-9.992428779602050559e-01 3.570377826690673828e-03
-9.990253448486328125e-01 1.481890678405761719e-03
-9.986069679260254350e-01 8.755922317504882812e-04
-9.995261192321777122e-01 1.392066478729248047e-03
-9.990280628204345481e-01 3.590464591979980469e-03
-1.000797128677368253e+00 -6.256997585296630859e-04
-9.996841907501220481e-01 7.985234260559082031e-04
-1.000269341468811080e+00 1.813530921936035156e-03
-9.996903181076050027e-01 1.857757568359375000e-03
-1.000091886520385831e+00 5.017995834350585938e-03
-9.993802309036254883e-01 2.122342586517333984e-03
-1.000839805603027433e+00 2.848029136657714844e-03
-9.986084222793578657e-01 2.427101135253906250e-03
-1.001106810569763139e+00 7.768273353576660156e-04
-1.000892519950866699e+00 -2.111345529556274414e-03
-1.000120186805725009e+00 -1.759290695190429688e-03
-1.000093090534210249e+00 1.746892929077148438e-03
-1.000900995731353715e+00 -7.976293563842773438e-04
-1.001256895065307573e+00 -4.649162292480468750e-05
-9.992513179779052290e-01 9.143948554992675781e-04
-9.997197151184081809e-01 2.320766448974609375e-03
-9.996034622192382368e-01 -1.507371664047241211e-03
-9.993732929229736106e-01 1.600265502929687500e-03
-9.997796058654785378e-01 2.857863903045654297e-03
-9.999221563339233398e-01 -5.536079406738281250e-04
-1.000012528896331743e+00 2.417564392089843750e-04
-9.994801998138427290e-01 -2.457320690155029297e-03
-9.995939016342163530e-01 -4.760622978210449219e-04
-1.000551569461822554e+00 1.121103763580322266e-03
-9.999173879623413086e-01 -1.625537872314453125e-03
-1.000483334064483643e+00 1.055002212524414062e-04
-9.994794368743896706e-01 -4.081368446350097656e-03
-9.993947029113769975e-01 2.175450325012207031e-03
-9.989220142364502175e-01 3.439188003540039062e-04
-1.000493717193603471e+00 -6.677210330963134766e-04
-9.998524665832519975e-01 -3.004074096679687500e-04
-9.995792388916016069e-01 7.846355438232421875e-04
-1.000469756126403764e+00 2.449750900268554688e-04
-9.994098901748657005e-01 9.682774543762207031e-04
-1.000370788574218794e+00 -1.419782638549804688e-04
-9.994100809097290483e-01 1.961350440979003906e-03
-9.989244222640991655e-01 2.148270606994628906e-03
-1.000795757770538419e+00 -1.896858215332031250e-03
-9.989329576492309570e-01 2.331256866455078125e-03
-9.998427391052245872e-01 1.301765441894531250e-03
-9.982625484466552956e-01 -6.523132324218750000e-04
-9.989249944686889870e-01 2.479791641235351562e-03
-9.983981847763061523e-01 3.366231918334960938e-03
-9.997946500778198686e-01 -2.190470695495605469e-04
-1.000195097923278764e+00 -1.083672046661376953e-03
-9.998390674591064453e-01 2.911031246185302734e-03
-1.000452899932861239e+00 -8.173584938049316406e-04
-9.996914386749267134e-01 5.611181259155273438e-04
-9.985366821289062278e-01 -1.072883605957031250e-03
-9.991525888442993608e-01 7.586479187011718750e-04
-1.000864815711975053e+00 2.895891666412353516e-03
-1.000314724445342973e+00 1.232028007507324219e-04
-9.985719919204711914e-01 2.893447875976562500e-03
-1.000222110748290927e+00 8.465051651000976562e-04
-1.000059735774993852e+00 -8.383393287658691406e-04
-9.998893499374389426e-01 1.757740974426269531e-04
-1.000175631046295255e+00 2.086699008941650391e-03
-9.993917226791382280e-01 3.814876079559326172e-03
-1.000373315811157182e+00 9.734630584716796875e-04
-1.001220178604125932e+00 -1.226425170898437500e-03
-1.000040566921234220e+00 2.343058586120605469e-04
-9.991485595703124556e-01 3.106713294982910156e-03
-9.982630968093871848e-01 3.287076950073242188e-03
-1.000308036804199219e+00 2.304732799530029297e-03
-9.992334842681884766e-01 1.606345176696777344e-03
-9.999290704727172852e-01 2.297639846801757812e-03
-1.000203669071197510e+00 -1.295506954193115234e-03
-1.000621867179870561e+00 1.776218414306640625e-04
-1.000319290161132857e+00 3.301918506622314453e-03
-1.000001740455627397e+00 1.262664794921875000e-03
-9.996351242065429910e-01 5.337893962860107422e-03
-9.994462966918945535e-01 1.066446304321289062e-03
-9.993783712387085405e-01 2.901554107666015625e-03
-9.993373394012451394e-01 3.484785556793212891e-03
-9.996683835983276589e-01 3.617584705352783203e-03
-9.993010044097900835e-01 3.335297107696533203e-03
-1.000070023536682173e+00 1.283645629882812500e-03
-1.000207185745239258e+00 1.319646835327148438e-04
-9.986909389495849387e-01 3.063678741455078125e-03
-9.986184597015380637e-01 2.644300460815429688e-03
-9.997990369796753152e-01 1.410722732543945312e-03
-9.983406543731689897e-01 4.108130931854248047e-03
-1.000013685226440519e+00 2.061903476715087891e-03
-9.986726045608520508e-01 1.617014408111572266e-03
-1.000215983390808194e+00 3.683567047119140625e-04
-9.963957786560058150e-01 6.417453289031982422e-03
-9.997269153594970925e-01 6.047487258911132812e-03
-9.997741460800171343e-01 8.445978164672851562e-04
-9.991040945053100142e-01 4.244565963745117188e-03
-9.990865945816039817e-01 1.190721988677978516e-03
-9.981994390487670676e-01 4.222273826599121094e-03
-9.985662460327148215e-01 8.561015129089355469e-04
-9.997754096984863281e-01 3.669917583465576172e-03
-9.988880634307861772e-01 4.336059093475341797e-03
-9.999672174453735352e-01 -1.300662755966186523e-03
-9.996410131454467329e-01 1.637339591979980469e-03
-9.995237588882446289e-01 2.450525760650634766e-03
-1.000258731842041060e+00 1.367926597595214844e-03
-1.000354754924774214e+00 1.085519790649414062e-03
-9.999141454696655051e-01 1.149058341979980469e-03
-9.999962091445923074e-01 4.783868789672851562e-04
-9.999537467956542969e-01 1.727461814880371094e-03
-9.987662076950073464e-01 5.763232707977294922e-03
-9.974604606628417747e-01 6.533622741699218750e-03
-1.000168097019195512e+00 3.277897834777832031e-03
-9.988051414489745872e-01 1.623868942260742188e-03
-9.988519191741943581e-01 4.881083965301513672e-03
-9.988584995269775835e-01 1.374244689941406250e-03
-9.987749099731445535e-01 4.503250122070312500e-03
-9.995094060897826704e-01 1.797974109649658203e-03
-9.995640277862548606e-01 8.514523506164550781e-04
-9.990640401840209517e-01 2.256512641906738281e-03
-9.989552497863769531e-01 1.543104648590087891e-03
-9.992539644241332786e-01 2.605915069580078125e-03
-9.999073743820190430e-01 -7.420778274536132812e-06
-9.982330083847046343e-01 2.375662326812744141e-03
-1.000028693675994784e+00 1.944065093994140625e-03
-1.000615048408508345e+00 6.248950958251953125e-04
-1.000311517715454013e+00 4.932761192321777344e-03
-9.997703552246093306e-01 5.303025245666503906e-04
-1.000361478328704923e+00 3.255009651184082031e-04
-9.991374015808105469e-01 3.315746784210205078e-03
-1.000913476943969815e+00 5.220174789428710938e-04
-9.989972114562988281e-01 1.689434051513671875e-03
-9.994666576385498047e-01 1.292884349822998047e-03
-1.000209259986877486e+00 1.938343048095703125e-04
-1.000416433811187833e+00 3.170967102050781250e-05
-9.995090961456298828e-01 4.776120185852050781e-04
-9.989768505096435769e-01 2.910017967224121094e-03
-1.000346803665161044e+00 5.191564559936523438e-04
-9.992584705352782759e-01 5.869269371032714844e-04
-9.999271869659424050e-01 1.032948493957519531e-04
-9.997731447219848633e-01 -9.247660636901855469e-05
-1.000241672992706388e+00 5.463361740112304688e-04
-1.000489139556884677e+00 -1.061826944351196289e-03
-9.995137929916382280e-01 2.488613128662109375e-03
-9.998174190521240678e-01 3.109872341156005859e-03
-9.993374586105346902e-01 2.662301063537597656e-03
-1.000724959373474166e+00 -1.633018255233764648e-03
-1.000313615798950284e+00 5.407333374023437500e-04
-9.994258642196655051e-01 4.035234451293945312e-03
-1.000076246261596635e+00 -3.819227218627929688e-03
-1.000296902656555131e+00 -9.579062461853027344e-04
-1.000216627120971591e+00 -1.910209655761718750e-03
-1.000300705432891846e+00 -2.801597118377685547e-03
-1.000259447097778365e+00 2.952814102172851562e-03
-1.000621378421783447e+00 1.263141632080078125e-03
-1.000607979297637895e+00 6.079673767089843750e-04
-1.000045120716094971e+00 3.802776336669921875e-04
-1.000118684768676713e+00 2.660512924194335938e-03
-1.000157785415649370e+00 2.320766448974609375e-03
-9.994040012359619585e-01 3.832638263702392578e-03
-9.996245622634887251e-01 1.963138580322265625e-03
-1.000117886066436812e+00 2.210438251495361328e-03
-1.001193332672119185e+00 2.439379692077636719e-03
-9.997376680374145952e-01 9.451508522033691406e-04
