-1.031709456443786532e+00 -1.538175046443939209e-01
-1.032247352600097701e+00 -1.559261083602905273e-01
-1.031684756278991699e+00 -1.525920629501342773e-01
-1.030985093116760343e+00 -1.535747051239013672e-01
-1.031747961044311435e+00 -1.561647057533264160e-01
-1.030803132057189986e+00 -1.550376117229461670e-01
-1.031979131698608443e+00 -1.560698747634887695e-01
-1.031465339660644576e+00 -1.538829803466796875e-01
-1.031197690963745028e+00 -1.547385454177856445e-01
-1.032241845130920321e+00 -1.577059030532836914e-01
-1.031903243064880460e+00 -1.534615159034729004e-01
-1.030625534057617143e+00 -1.562685370445251465e-01
-1.030938410758972079e+00 -1.561848521232604980e-01
-1.030125355720520108e+00 -1.555793881416320801e-01
-1.031140542030334561e+00 -1.524719595909118652e-01
-1.033200216293334917e+00 -1.580086946487426758e-01
-1.031147670745849565e+00 -1.576510667800903320e-01
-1.032340478897094682e+00 -1.583358645439147949e-01
-1.031147217750549405e+00 -1.547341048717498779e-01
-1.031336164474487394e+00 -1.551032662391662598e-01
