-1.025021243095397994e+00 -2.116483449935913086e-02
-1.023459386825561479e+00 -2.427378296852111816e-02
-1.023565030097961515e+00 -2.031871676445007324e-02
-1.023512315750122026e+00 -2.329629659652709961e-02
-1.023747563362121582e+00 -2.192756533622741699e-02
-1.024805974960327104e+00 -2.297267317771911621e-02
-1.024243402481079146e+00 -2.287644147872924805e-02
-1.023944020271301270e+00 -2.071681618690490723e-02
-1.024476695060730025e+00 -2.338311076164245605e-02
-1.022615146636962846e+00 -2.010431885719299316e-02
-1.023640727996826261e+00 -2.004399895668029785e-02
-1.022700881958007901e+00 -1.938095688819885254e-02
-1.023404169082641646e+00 -1.959499716758728027e-02
-1.024291801452636763e+00 -2.065786719322204590e-02
-1.023460745811462402e+00 -2.370402216911315918e-02
-1.024515795707702681e+00 -2.206566929817199707e-02
-1.023718810081482022e+00 -2.195367217063903809e-02
-1.023486423492431685e+00 -1.927122473716735840e-02
-1.024627423286438077e+00 -2.198544144630432129e-02
-1.024579238891601518e+00 -2.196118235588073730e-02
-1.024210977554321333e+00 -2.406066656112670898e-02
-1.024421024322509810e+00 -2.042338252067565918e-02
-1.022473907470703214e+00 -2.177968621253967285e-02
-1.024667119979858487e+00 -2.158483862876892090e-02
-1.021683645248413042e+00 -1.705047488212585449e-02
-1.023695206642150968e+00 -2.203008532524108887e-02
-1.024426078796386808e+00 -2.119705080986022949e-02
-1.024492788314819380e+00 -2.546912431716918945e-02
-1.023118233680725186e+00 -1.849472522735595703e-02
-1.024820232391357333e+00 -2.072513103485107422e-02
-1.024279236793518066e+00 -2.344909310340881348e-02
-1.024172687530517489e+00 -1.823240518569946289e-02
-1.024160146713256836e+00 -2.206423878669738770e-02
-1.023969984054565519e+00 -2.240982651710510254e-02
-1.023310399055481046e+00 -2.271899580955505371e-02
-1.024212789535522417e+00 -2.272117137908935547e-02
-1.023956561088561923e+00 -2.001211047172546387e-02
-1.024540519714355558e+00 -2.338692545890808105e-02
-1.023675489425659224e+00 -2.043318748474121094e-02
-1.024242830276489213e+00 -2.559694647789001465e-02
-1.022746443748474121e+00 -2.008733153343200684e-02
-1.023996305465698198e+00 -2.155342698097229004e-02
-1.023354864120483487e+00 -2.186909317970275879e-02
-1.023862028121948153e+00 -1.907283067703247070e-02
-1.023949956893920987e+00 -2.028921246528625488e-02
-1.020828318595886186e+00 -1.892778277397155762e-02
-1.025708770751953214e+00 -2.649056911468505859e-02
-1.023715066909790083e+00 -2.234685420989990234e-02
-1.022975945472717196e+00 -2.011427283287048340e-02
-1.023449730873107866e+00 -2.159628272056579590e-02
-1.023201942443847656e+00 -2.279028296470642090e-02
-1.024247455596923873e+00 -2.062198519706726074e-02
-1.022858548164367720e+00 -2.373397350311279297e-02
-1.023744463920593262e+00 -2.430772781372070312e-02
-1.024302196502685502e+00 -2.246019244194030762e-02
-1.022279763221740634e+00 -1.706060767173767090e-02
-1.023806238174438388e+00 -1.962730288505554199e-02
-1.023131227493286222e+00 -1.841488480567932129e-02
-1.023478984832763672e+00 -2.160221338272094727e-02
-1.023835659027099609e+00 -2.266171574592590332e-02
-1.024742579460144132e+00 -2.024614810943603516e-02
-1.024215412139892534e+00 -1.992866396903991699e-02
-1.023568725585937589e+00 -2.045401930809020996e-02
-1.024688196182250932e+00 -2.468419075012207031e-02
-1.023882532119750888e+00 -2.020463347434997559e-02
-1.023758673667907626e+00 -2.127352356910705566e-02
-1.023552799224853427e+00 -2.120307087898254395e-02
-1.023888206481933683e+00 -2.145913243293762207e-02
-1.024726486206054776e+00 -2.385538816452026367e-02
-1.023751378059387207e+00 -2.162799239158630371e-02
-1.024660730361938388e+00 -2.162355184555053711e-02
-1.023092293739318759e+00 -2.103379368782043457e-02
-1.024171543121337846e+00 -2.678140997886657715e-02
-1.023418045043945401e+00 -2.305603027343750000e-02
-1.023298192024231001e+00 -2.256944775581359863e-02
-1.024408960342407138e+00 -2.314952015876770020e-02
-1.022147631645202726e+00 -2.065089344978332520e-02
-1.024534654617309526e+00 -1.897683739662170410e-02
-1.025303792953491167e+00 -2.537390589714050293e-02
-1.024925374984741122e+00 -2.419352531433105469e-02
-1.023243665695190430e+00 -2.283135056495666504e-02
-1.023963499069213912e+00 -2.066761255264282227e-02
-1.023630118370056241e+00 -2.024427056312561035e-02
-1.022466325759887606e+00 -1.844450831413269043e-02
-1.023456382751464888e+00 -2.088978886604309082e-02
-1.023673725128173784e+00 -2.016127109527587891e-02
-1.025134181976318448e+00 -2.481040358543395996e-02
-1.024230194091796831e+00 -2.220532298088073730e-02
-1.022859930992126465e+00 -2.315822243690490723e-02
-1.026015591621398881e+00 -2.361819148063659668e-02
-1.024094748497009322e+00 -2.352949976921081543e-02
-1.024863529205322310e+00 -2.157041430473327637e-02
-1.024158310890197709e+00 -2.182379364967346191e-02
-1.024815249443054244e+00 -2.392932772636413574e-02
-1.023759746551513583e+00 -2.269908785820007324e-02
-1.023933553695678622e+00 -2.145627140998840332e-02
-1.024290609359741255e+00 -2.332088351249694824e-02
-1.023975682258605913e+00 -2.065345644950866699e-02
-1.023974895477294922e+00 -2.230206131935119629e-02
-1.023867869377136142e+00 -2.220934629440307617e-02
-1.023111629486084029e+00 -2.058091759681701660e-02
-1.023914098739624023e+00 -2.218651771545410156e-02
-1.024927878379821689e+00 -2.133688330650329590e-02
-1.023012757301330566e+00 -2.171409130096435547e-02
-1.024105715751647994e+00 -2.103820443153381348e-02
-1.022889304161071822e+00 -2.265283465385437012e-02
-1.024111461639404252e+00 -2.377632260322570801e-02
-1.024144649505615234e+00 -2.240443229675292969e-02
-1.023079061508178622e+00 -2.084061503410339355e-02
-1.023759293556213423e+00 -1.961892843246459961e-02
-1.023481988906860263e+00 -2.079576253890991211e-02
-1.024728560447692782e+00 -2.064085006713867188e-02
-1.023928499221801847e+00 -2.098509669303894043e-02
-1.024481320381164462e+00 -2.512913942337036133e-02
-1.023618054389953569e+00 -2.358785271644592285e-02
-1.023677730560302646e+00 -2.064815163612365723e-02
-1.024306488037109331e+00 -2.534684538841247559e-02
-1.024653553962707520e+00 -2.331861853599548340e-02
-1.024461126327514737e+00 -2.356818318367004395e-02
-1.023745131492614702e+00 -2.523723244667053223e-02
-1.023769283294677646e+00 -2.109947800636291504e-02
-1.023540520668029696e+00 -2.320128679275512695e-02
-1.023228335380554244e+00 -1.993051171302795410e-02
-1.023197150230407804e+00 -2.431169152259826660e-02
-1.023411297798156649e+00 -1.884147524833679199e-02
-1.024580812454223722e+00 -2.103587985038757324e-02
-1.023094749450683683e+00 -2.339741587638854980e-02
-1.023357868194580078e+00 -2.046787738800048828e-02
-1.025157546997070401e+00 -2.393722534179687500e-02
-1.024362182617187589e+00 -2.466449141502380371e-02
-1.024342393875122159e+00 -2.228584885597229004e-02
-1.023961353302001998e+00 -2.252128720283508301e-02
-1.024902510643005416e+00 -1.899543404579162598e-02
-1.023588371276855424e+00 -2.356430888175964355e-02
-1.024345684051513716e+00 -2.270516753196716309e-02
-1.023867464065551847e+00 -2.331241965293884277e-02
-1.024709177017211870e+00 -2.186033129692077637e-02
-1.022594261169433638e+00 -1.707077026367187500e-02
-1.024834394454956055e+00 -2.412563562393188477e-02
-1.024918031692504838e+00 -2.164182066917419434e-02
-1.024289751052856356e+00 -2.085331082344055176e-02
-1.025476336479187012e+00 -2.419582009315490723e-02
-1.022682023048400834e+00 -2.111002802848815918e-02
-1.023973035812377974e+00 -2.458849549293518066e-02
-1.023707246780395597e+00 -1.929983496665954590e-02
-1.024381351470947221e+00 -2.194949984550476074e-02
-1.023591303825378329e+00 -2.204906940460205078e-02
-1.024567222595214933e+00 -2.284544706344604492e-02
-1.022905015945434481e+00 -1.975122094154357910e-02
-1.024521398544311568e+00 -2.387169003486633301e-02
-1.022566485404968306e+00 -1.965966820716857910e-02
-1.024791765213012740e+00 -2.579677104949951172e-02
-1.025147294998169034e+00 -2.284705638885498047e-02
-1.023250436782837003e+00 -2.279064059257507324e-02
-1.022994375228881925e+00 -2.413406968116760254e-02
-1.023291730880737216e+00 -1.925525069236755371e-02
-1.023404359817504883e+00 -2.274450659751892090e-02
-1.023274683952331454e+00 -2.329143881797790527e-02
-1.023626351356506259e+00 -2.127358317375183105e-02
-1.024819040298461825e+00 -2.416437864303588867e-02
-1.023767876625061080e+00 -2.061936259269714355e-02
-1.022401833534240634e+00 -2.015534043312072754e-02
-1.024675893783569380e+00 -2.468541264533996582e-02
-1.023701095581054599e+00 -2.172899246215820312e-02
-1.021518135070800692e+00 -1.983818411827087402e-02
-1.025578641891479403e+00 -2.302744984626770020e-02
-1.024171686172485440e+00 -2.158322930335998535e-02
-1.022633647918701261e+00 -2.168998122215270996e-02
-1.025254654884338423e+00 -2.073222398757934570e-02
-1.023491621017456055e+00 -2.002927660942077637e-02
-1.023674869537353427e+00 -1.980784535408020020e-02
-1.022186613082885831e+00 -2.351146936416625977e-02
-1.023105812072753862e+00 -1.868617534637451172e-02
-1.023322820663452148e+00 -2.008941769599914551e-02
-1.024009418487548784e+00 -2.276828885078430176e-02
-1.023895883560180575e+00 -2.133706212043762207e-02
-1.023492503166198775e+00 -2.120193839073181152e-02
-1.024418044090271041e+00 -2.359092235565185547e-02
-1.023049688339233487e+00 -1.927861571311950684e-02
-1.025009059906005771e+00 -2.425044775009155273e-02
-1.025583314895629927e+00 -2.060034871101379395e-02
-1.023876070976257324e+00 -2.023372054100036621e-02
-1.024635839462280318e+00 -2.151590585708618164e-02
-1.022350645065307706e+00 -1.942667365074157715e-02
-1.023720908164978072e+00 -2.166956663131713867e-02
-1.024185371398925737e+00 -1.987445354461669922e-02
-1.023076796531677157e+00 -1.857432723045349121e-02
-1.023022794723510653e+00 -2.506408095359802246e-02
-1.024354171752929643e+00 -2.052858471870422363e-02
-1.024224090576171919e+00 -2.329024672508239746e-02
-1.023680782318115323e+00 -2.467808127403259277e-02
-1.023596072196960360e+00 -2.262809872627258301e-02
-1.024342155456543058e+00 -2.122083306312561035e-02
-1.023482656478881925e+00 -2.031069993972778320e-02
-1.022464561462402388e+00 -2.088671922683715820e-02
-1.022620773315429776e+00 -2.129760384559631348e-02
-1.023169827461242631e+00 -2.285543084144592285e-02
-1.023949623107910156e+00 -2.144798636436462402e-02
-1.024176955223083496e+00 -2.192854881286621094e-02
-1.023718976974487216e+00 -1.987758278846740723e-02
-1.023109531402587979e+00 -1.968219876289367676e-02
-1.024345111846923784e+00 -2.231678366661071777e-02
-1.023463344573974698e+00 -1.669016480445861816e-02
-1.023751735687255859e+00 -2.136766910552978516e-02
-1.023586225509643510e+00 -2.269896864891052246e-02
-1.024625444412231356e+00 -2.241653203964233398e-02
-1.024788308143615767e+00 -2.381283044815063477e-02
-1.022372913360595659e+00 -2.041956782341003418e-02
-1.026754665374755904e+00 -2.432641386985778809e-02
-1.024140119552612305e+00 -2.296194434165954590e-02
-1.023997974395751909e+00 -2.027991414070129395e-02
-1.024704861640930220e+00 -2.118602395057678223e-02
-1.024990510940551713e+00 -2.450734376907348633e-02
-1.023957872390746981e+00 -2.001455426216125488e-02
-1.023269677162170321e+00 -2.457860112190246582e-02
-1.024475812911987305e+00 -2.192535996437072754e-02
-1.024658584594726474e+00 -2.215984463691711426e-02
-1.024545693397521884e+00 -2.167913317680358887e-02
-1.024145317077636674e+00 -2.416875958442687988e-02
-1.023282098770141646e+00 -2.373877167701721191e-02
-1.024019980430602939e+00 -2.129474282264709473e-02
-1.023125457763671919e+00 -2.141323685646057129e-02
-1.024565839767455966e+00 -2.298775315284729004e-02
-1.023352789878845259e+00 -1.869854331016540527e-02
-1.023760128021240279e+00 -2.275660634040832520e-02
-1.024568605422973677e+00 -2.174139022827148438e-02
-1.023524165153503418e+00 -2.462270855903625488e-02
-1.025162053108215288e+00 -1.882514357566833496e-02
-1.023912882804870694e+00 -2.241218090057373047e-02
-1.022206568717956454e+00 -1.857975125312805176e-02
-1.023606038093566983e+00 -2.123573422431945801e-02
-1.023387622833251909e+00 -2.128803730010986328e-02
-1.023715686798095659e+00 -2.028125524520874023e-02
-1.023931813240051225e+00 -2.158722281455993652e-02
-1.024458074569702060e+00 -2.410295605659484863e-02
-1.023925685882568271e+00 -2.221587300300598145e-02
-1.023181009292602583e+00 -2.325692772865295410e-02
-1.023671817779540971e+00 -2.215972542762756348e-02
-1.022634959220886319e+00 -1.872998476028442383e-02
-1.023055624961852983e+00 -2.074298262596130371e-02
-1.022870421409606934e+00 -1.939275860786437988e-02
-1.022892999649047896e+00 -1.696777343750000000e-02
-1.024027967453002841e+00 -2.022883296012878418e-02
-1.024351811408996671e+00 -2.353903651237487793e-02
-1.023291254043579013e+00 -2.189150452613830566e-02
-1.024464464187622159e+00 -2.493309974670410156e-02
-1.024100303649902344e+00 -2.489274740219116211e-02
-1.025195312499999956e+00 -2.527952194213867188e-02
-1.023995184898376376e+00 -2.090117335319519043e-02
-1.024240541458129927e+00 -2.142935991287231445e-02
-1.022988510131835893e+00 -2.378550171852111816e-02
-1.023939990997314364e+00 -2.362135052680969238e-02
-1.023714780807495117e+00 -2.091261744499206543e-02
-1.023946285247802734e+00 -2.507713437080383301e-02
-1.024963617324829102e+00 -2.193626761436462402e-02
-1.024900770187378019e+00 -2.265629172325134277e-02
-1.023360967636108398e+00 -2.184233069419860840e-02
-1.023366856575012251e+00 -2.365377545356750488e-02
-1.025182032585143954e+00 -2.545523643493652344e-02
-1.023636150360107466e+00 -2.124562859535217285e-02
-1.023770642280578569e+00 -2.315497398376464844e-02
-1.022848391532897860e+00 -1.585853099822998047e-02
-1.022758531570434615e+00 -1.996895670890808105e-02
-1.024797320365905762e+00 -2.381506562232971191e-02
-1.023630070686340376e+00 -2.117320895195007324e-02
-1.023583674430847079e+00 -2.077445387840270996e-02
-1.023803806304931729e+00 -2.447435259819030762e-02
-1.023429965972900479e+00 -2.272936701774597168e-02
-1.024722146987915083e+00 -2.139905095100402832e-02
-1.024580907821655229e+00 -2.512302994728088379e-02
-1.023796892166137784e+00 -2.002397179603576660e-02
-1.023040819168090865e+00 -1.891788840293884277e-02
-1.022498917579650834e+00 -2.236077189445495605e-02
-1.023821210861206144e+00 -2.158203721046447754e-02
-1.022090005874633833e+00 -2.077272534370422363e-02
-1.023031377792358310e+00 -2.053830027580261230e-02
-1.024359202384948819e+00 -2.469739317893981934e-02
-1.023821115493774414e+00 -2.358821034431457520e-02
-1.023632097244262740e+00 -2.211818099021911621e-02
-1.024261379241943271e+00 -2.147623896598815918e-02
-1.023707246780395597e+00 -2.449819445610046387e-02
-1.023599243164062589e+00 -1.934120059013366699e-02
-1.024678659439086870e+00 -2.241829037666320801e-02
-1.023911714553833008e+00 -1.927775144577026367e-02
-1.023605966567993075e+00 -1.933822035789489746e-02
-1.024007940292358310e+00 -2.294543385505676270e-02
-1.024336504936218306e+00 -2.310380339622497559e-02
-1.023362421989440829e+00 -2.327117323875427246e-02
-1.024892187118530362e+00 -2.108731865882873535e-02
-1.023001527786254972e+00 -2.240917086601257324e-02
-1.023978614807128817e+00 -2.318033576011657715e-02
-1.024373054504394531e+00 -2.041962742805480957e-02
-1.023835492134094194e+00 -2.151241898536682129e-02
-1.023716449737548828e+00 -2.303630113601684570e-02
-1.024416303634643644e+00 -2.060732245445251465e-02
-1.024493503570556685e+00 -2.161687612533569336e-02
-1.023563480377197354e+00 -2.070721983909606934e-02
-1.023205232620239213e+00 -2.036863565444946289e-02
-1.022090435028076172e+00 -1.793679594993591309e-02
-1.023127532005310147e+00 -2.206093072891235352e-02
-1.022520613670349077e+00 -1.961454749107360840e-02
-1.023934412002563521e+00 -2.335810661315917969e-02
-1.023982405662536621e+00 -2.263495326042175293e-02
-1.023454737663268999e+00 -2.344119548797607422e-02
-1.023491930961608842e+00 -2.155122160911560059e-02
-1.022074365615844638e+00 -2.034896612167358398e-02
-1.024085307121276767e+00 -2.153643965721130371e-02
-1.023556470870971680e+00 -1.951882243156433105e-02
-1.022699403762817427e+00 -1.935216784477233887e-02
-1.023968744277954146e+00 -2.289769053459167480e-02
-1.023931717872619718e+00 -2.260699868202209473e-02
-1.024157524108886719e+00 -2.107694745063781738e-02
-1.023907995223999112e+00 -2.167785167694091797e-02
-1.024233770370483354e+00 -2.336362004280090332e-02
-1.024063014984130771e+00 -2.191445231437683105e-02
-1.023244667053222701e+00 -2.313634753227233887e-02
-1.024781394004821822e+00 -2.222582697868347168e-02
-1.023753786087036044e+00 -2.415484189987182617e-02
-1.024959897994995206e+00 -2.443489432334899902e-02
-1.023477816581725985e+00 -2.221617102622985840e-02
-1.022470474243164062e+00 -2.036961913108825684e-02
-1.022673511505126864e+00 -2.094516158103942871e-02
-1.024030447006225586e+00 -2.231201529502868652e-02
-1.023826026916503817e+00 -1.960793137550354004e-02
-1.023835682868957431e+00 -2.282404899597167969e-02
-1.024675512313842685e+00 -2.233943343162536621e-02
-1.023144197463989213e+00 -2.179607748985290527e-02
-1.023366093635559082e+00 -1.892480254173278809e-02
-1.023719096183776767e+00 -2.100619673728942871e-02
-1.023260402679443404e+00 -1.949444413185119629e-02
-1.022727251052856445e+00 -1.829108595848083496e-02
-1.022770452499389693e+00 -2.344766259193420410e-02
-1.024108362197875932e+00 -2.091792225837707520e-02
-1.024704360961913974e+00 -2.081218361854553223e-02
-1.023549318313598633e+00 -2.271786332130432129e-02
-1.023755145072936967e+00 -2.203509211540222168e-02
-1.023769378662109375e+00 -2.416771650314331055e-02
-1.024056959152221724e+00 -2.405342459678649902e-02
-1.023074746131896973e+00 -1.982802152633666992e-02
-1.023693513870239213e+00 -2.150109410285949707e-02
-1.023472714424133345e+00 -2.377614378929138184e-02
-1.023211145401000888e+00 -2.094182372093200684e-02
-1.023497486114501864e+00 -2.451226115226745605e-02
-1.024888277053833008e+00 -2.393570542335510254e-02
-1.024091410636901900e+00 -2.219900488853454590e-02
-1.022937726974487260e+00 -2.235305309295654297e-02
-1.022504734992981001e+00 -1.894524693489074707e-02
-1.026370191574096591e+00 -2.715495228767395020e-02
-1.023081803321838290e+00 -2.041885256767272949e-02
-1.024238634109497115e+00 -2.194133400917053223e-02
-1.024558210372924716e+00 -2.296224236488342285e-02
-1.023702859878540039e+00 -2.471253275871276855e-02
-1.024131202697753817e+00 -2.153131365776062012e-02
-1.024929904937744052e+00 -2.597534656524658203e-02
-1.023148274421691983e+00 -2.387452125549316406e-02
-1.023820066452026278e+00 -2.032944560050964355e-02
-1.024207425117492631e+00 -2.285256981849670410e-02
-1.024824047088622958e+00 -2.186721563339233398e-02
-1.023185300827026412e+00 -2.064302563667297363e-02
-1.022556376457214311e+00 -1.983937621116638184e-02
-1.023409557342529252e+00 -2.004542946815490723e-02
-1.024177861213684038e+00 -2.114242315292358398e-02
-1.023679256439208984e+00 -2.162516117095947266e-02
-1.025586199760436967e+00 -2.392610907554626465e-02
-1.023651885986328169e+00 -2.792325615882873535e-02
-1.024569797515869185e+00 -2.154853940010070801e-02
-1.024470210075378418e+00 -2.199164032936096191e-02
-1.023672723770141513e+00 -2.194115519523620605e-02
-1.023499655723571822e+00 -1.795485615730285645e-02
-1.024029350280761808e+00 -2.055826783180236816e-02
-1.024690532684326083e+00 -2.209314703941345215e-02
-1.022537994384765669e+00 -2.196422219276428223e-02
-1.024509382247924760e+00 -2.240934967994689941e-02
-1.023052525520324663e+00 -2.280536293983459473e-02
-1.023096561431884766e+00 -2.211990952491760254e-02
-1.023791384696960405e+00 -2.228924632072448730e-02
-1.022184586524963468e+00 -1.789388060569763184e-02
-1.024427223205566451e+00 -1.831248402595520020e-02
-1.024262332916259677e+00 -2.635404467582702637e-02
-1.024725055694580167e+00 -2.026411890983581543e-02
-1.025077557563781827e+00 -2.356991171836853027e-02
-1.023525047302246138e+00 -2.170932292938232422e-02
-1.023266887664795011e+00 -2.214822173118591309e-02
-1.024016761779785067e+00 -2.089282870292663574e-02
-1.023578262329101651e+00 -2.201452851295471191e-02
-1.023342800140380815e+00 -2.306571602821350098e-02
-1.022539329528808549e+00 -2.098783850669860840e-02
-1.023822903633117676e+00 -2.385213971138000488e-02
-1.022732305526733443e+00 -2.087083458900451660e-02
-1.023573136329650968e+00 -2.200195193290710449e-02
-1.024893569946289107e+00 -2.445229887962341309e-02
-1.024161100387573242e+00 -2.033165097236633301e-02
-1.023795318603515581e+00 -2.146330475807189941e-02
-1.024277544021606534e+00 -2.135241031646728516e-02
-1.024355101585388228e+00 -2.232518792152404785e-02
-1.023712468147277788e+00 -2.170333266258239746e-02
-1.024126744270324796e+00 -2.411171793937683105e-02
-1.023425889015197709e+00 -2.052453160285949707e-02
-1.024972200393676758e+00 -2.477514743804931641e-02
-1.022727918624877885e+00 -1.915332674980163574e-02
-1.025806117057800337e+00 -2.389964461326599121e-02
-1.023741364479064941e+00 -2.090784907341003418e-02
-1.025049304962158292e+00 -2.404418587684631348e-02
-1.023624110221862837e+00 -2.265158295631408691e-02
-1.024385452270507812e+00 -2.340099215507507324e-02
-1.023016309738159269e+00 -1.970073580741882324e-02
-1.024140572547912686e+00 -1.859346032142639160e-02
-1.023705339431762784e+00 -1.975002884864807129e-02
-1.023686313629150302e+00 -2.284333109855651855e-02
-1.023789858818054288e+00 -2.551665902137756348e-02
-1.024495744705200106e+00 -2.144938707351684570e-02
-1.024740147590637251e+00 -2.354410290718078613e-02
-1.024150538444519087e+00 -2.230402827262878418e-02
-1.022429585456848145e+00 -1.887115836143493652e-02
-1.025070381164550737e+00 -2.585467696189880371e-02
-1.023954486846923917e+00 -1.998752355575561523e-02
-1.023959684371948287e+00 -2.424255013465881348e-02
-1.023640012741088956e+00 -2.268603444099426270e-02
-1.023347401618957431e+00 -1.940575242042541504e-02
-1.023831415176391646e+00 -1.962304115295410156e-02
-1.022720670700073331e+00 -2.050593495368957520e-02
-1.025981497764587358e+00 -2.248999476432800293e-02
-1.023512816429138272e+00 -2.230951189994812012e-02
-1.024145030975341708e+00 -2.115714550018310547e-02
-1.024398374557495162e+00 -2.235433459281921387e-02
-1.023886919021606445e+00 -1.944315433502197266e-02
-1.022958993911743164e+00 -2.175766229629516602e-02
-1.023206162452697798e+00 -2.160879969596862793e-02
-1.023547768592834473e+00 -2.178797125816345215e-02
-1.023497724533080966e+00 -2.315977215766906738e-02
-1.024775147438049316e+00 -2.400848269462585449e-02
-1.024145030975341708e+00 -2.262353897094726562e-02
-1.025072431564331144e+00 -2.412614226341247559e-02
-1.022685194015502841e+00 -2.136585116386413574e-02
-1.023155760765075639e+00 -1.772698760032653809e-02
-1.024474453926086381e+00 -2.212187647819519043e-02
-1.024803972244262784e+00 -2.387621998786926270e-02
-1.025096559524536044e+00 -2.252054214477539062e-02
-1.023475265502929776e+00 -2.140501141548156738e-02
-1.023614406585693359e+00 -2.200433611869812012e-02
-1.022550535202026323e+00 -2.417984604835510254e-02
-1.023894476890564009e+00 -2.076384425163269043e-02
-1.023176980018615678e+00 -2.201184630393981934e-02
-1.025120759010314853e+00 -2.155408263206481934e-02
-1.022981142997741788e+00 -2.287074923515319824e-02
-1.023867821693420499e+00 -2.225825190544128418e-02
-1.023482584953308017e+00 -1.901915669441223145e-02
-1.023851847648620694e+00 -2.254489064216613770e-02
-1.025581836700439453e+00 -2.454069256782531738e-02
-1.024578142166137740e+00 -2.531111240386962891e-02
-1.024151611328125044e+00 -2.337527275085449219e-02
-1.024206304550170810e+00 -2.414497733116149902e-02
-1.023840427398681641e+00 -2.104952931404113770e-02
-1.024515390396118164e+00 -2.209874987602233887e-02
-1.022241234779357910e+00 -2.326351404190063477e-02
-1.023006463050842196e+00 -2.461576461791992188e-02
-1.024339509010314897e+00 -2.301245927810668945e-02
-1.024647951126098633e+00 -2.432462573051452637e-02
-1.023323726654052690e+00 -2.093923091888427734e-02
-1.022967672348022550e+00 -2.131167054176330566e-02
-1.025075483322143599e+00 -2.316948771476745605e-02
-1.023899078369140625e+00 -2.252116799354553223e-02
-1.024098610877990811e+00 -2.130672335624694824e-02
-1.024348926544189409e+00 -2.104541659355163574e-02
-1.025535678863525479e+00 -2.599444985389709473e-02
-1.023382353782653853e+00 -2.296113967895507812e-02
-1.022225999832153231e+00 -1.852491497993469238e-02
-1.022681784629821733e+00 -2.179524302482604980e-02
-1.023083114624023349e+00 -1.934403181076049805e-02
-1.024142765998840243e+00 -1.977601647377014160e-02
-1.023428869247436479e+00 -2.284583449363708496e-02
-1.023008537292480424e+00 -2.254804968833923340e-02
-1.024810719490051314e+00 -2.300682663917541504e-02
-1.023557043075561612e+00 -2.047696709632873535e-02
-1.024607419967651367e+00 -2.404811978340148926e-02
-1.023471069335937456e+00 -1.896208524703979492e-02
-1.025642919540405318e+00 -2.549225091934204102e-02
-1.022556090354919345e+00 -1.953953504562377930e-02
-1.022644090652465865e+00 -1.967564225196838379e-02
-1.023271274566650346e+00 -2.076241374015808105e-02
-1.024504756927490323e+00 -2.394402027130126953e-02
-1.024727129936218173e+00 -2.370086312294006348e-02
-1.024045419692993120e+00 -2.222540974617004395e-02
-1.022836565971374512e+00 -2.073669433593750000e-02
-1.024484252929687589e+00 -2.410936355590820312e-02
-1.023506855964660733e+00 -1.950767636299133301e-02
-1.023296689987182706e+00 -2.041593194007873535e-02
-1.022317314147949130e+00 -2.238777279853820801e-02
-1.024831414222717285e+00 -2.223485708236694336e-02
-1.023872041702270419e+00 -2.420315146446228027e-02
-1.023896551132202237e+00 -2.409172058105468750e-02
-1.023490715026855513e+00 -2.372303605079650879e-02
-1.024255990982055664e+00 -2.004006505012512207e-02
-1.023736262321472079e+00 -2.098646759986877441e-02
-1.022487115859985307e+00 -1.964184641838073730e-02
-1.022694349288940430e+00 -2.191245555877685547e-02
-1.023781251907348588e+00 -2.172163128852844238e-02
-1.023384284973144487e+00 -2.331507205963134766e-02
-1.023399209976196378e+00 -1.926133036613464355e-02
-1.023692941665649503e+00 -2.075114846229553223e-02
