-1.000673103332519576e+00 4.149734973907470703e-03
-9.987921237945556197e-01 3.921687602996826172e-03
-1.000530624389648349e+00 1.266658306121826172e-03
-9.994839191436767356e-01 5.918145179748535156e-04
-9.982131719589233398e-01 3.656387329101562500e-03
-9.998893260955810103e-01 2.200722694396972656e-03
-9.980253219604492410e-01 1.994669437408447266e-03
-9.983702659606933372e-01 2.253055572509765625e-03
-9.983181715011596458e-01 4.205703735351562500e-03
-9.992266178131103960e-01 3.370940685272216797e-03
-9.992720842361449973e-01 4.034459590911865234e-03
-9.983850717544555664e-01 3.628611564636230469e-03
-1.000559210777282715e+00 1.749515533447265625e-03
-9.988636255264282671e-01 5.806326866149902344e-03
-1.000094795227050692e+00 5.875825881958007812e-04
-1.001423943042755171e+00 -5.000531673431396484e-04
-9.999103546142578125e-01 3.158509731292724609e-03
-9.988281965255737527e-01 5.198240280151367188e-03
-9.996100664138793945e-01 3.254532814025878906e-03
-9.988183736801147239e-01 1.766800880432128906e-03
-9.980797052383423296e-01 3.142833709716796875e-03
-9.999710083007812278e-01 8.541345596313476562e-04
-9.984754800796509233e-01 3.539800643920898438e-03
-9.988006591796875222e-01 4.504919052124023438e-03
-9.991776943206787109e-01 2.730667591094970703e-03
-9.994332551956176536e-01 1.249909400939941406e-03
-9.989025831222534402e-01 6.738007068634033203e-03
-1.000473308563232466e+00 3.855526447296142578e-03
-9.999951601028442827e-01 -1.966953277587890625e-05
-9.995961189270019531e-01 3.136396408081054688e-03
-1.000685143470764205e+00 6.034970283508300781e-04
-9.973208904266357422e-01 9.904503822326660156e-04
-9.979505062103271040e-01 4.776597023010253906e-03
-1.000079393386840820e+00 2.884864807128906250e-04
-9.987930059432983398e-01 2.637326717376708984e-03
-9.994157314300536887e-01 5.183756351470947266e-03
-9.988771200180053267e-01 3.506422042846679688e-03
-9.984797477722168191e-01 6.619036197662353516e-03
-1.000249874591827348e+00 1.357555389404296875e-03
-9.997976779937743919e-01 1.292467117309570312e-03
-9.988839626312255859e-01 4.095852375030517578e-03
-9.971790552139282449e-01 7.062256336212158203e-03
-9.983060598373413308e-01 2.372145652770996094e-03
-1.000231802463531494e+00 5.367934703826904297e-03
-9.981800317764282227e-01 3.439784049987792969e-03
-9.995332002639770730e-01 4.418790340423583984e-03
-9.990403890609741433e-01 2.134442329406738281e-03
-1.000176811218261630e+00 2.854704856872558594e-03
-9.992813825607299583e-01 3.501713275909423828e-03
-9.984783649444579634e-01 3.283917903900146484e-03
-9.992120504379272683e-01 2.912819385528564453e-03
-9.988410472869873047e-01 2.287089824676513672e-03
-9.993802547454834206e-01 2.572894096374511719e-03
-9.993823051452637163e-01 2.108573913574218750e-03
-9.988564252853393555e-01 3.557562828063964844e-03
-1.000335717201232821e+00 -2.418756484985351562e-04
-9.999666452407837136e-01 1.564025878906250000e-04
-9.987640857696533647e-01 4.769861698150634766e-03
-9.996399164199829546e-01 5.596816539764404297e-03
-9.996397495269775391e-01 2.038061618804931641e-03
-9.994486808776855691e-01 2.543568611145019531e-03
-9.990433931350708452e-01 1.857161521911621094e-03
-9.990303993225098100e-01 5.145311355590820312e-03
-9.997017145156860130e-01 7.246434688568115234e-03
-9.979206323623657227e-01 3.287911415100097656e-03
-9.999560356140136941e-01 3.112971782684326172e-03
-9.994284868240356223e-01 5.162596702575683594e-03
-9.994742155075073686e-01 3.304719924926757812e-03
-1.000295293331146196e+00 2.606987953186035156e-03
-9.999001741409301314e-01 3.073811531066894531e-04
-9.992511272430419922e-01 6.666600704193115234e-03
-9.996517181396484819e-01 3.545165061950683594e-03
-9.985409975051879883e-01 3.411889076232910156e-03
-1.000452721118926913e+00 -7.929205894470214844e-04
-9.984547138214111550e-01 6.002545356750488281e-03
-9.989393234252930132e-01 4.870712757110595703e-03
-9.992576360702514204e-01 3.644287586212158203e-03
-9.971826553344727007e-01 4.419684410095214844e-03
-9.990246534347534402e-01 1.892268657684326172e-03
-1.000213837623596280e+00 3.178656101226806641e-03
-9.995217323303222656e-01 2.399086952209472656e-04
-1.000471842288970903e+00 3.083705902099609375e-03
-1.000067591667175293e+00 2.322971820831298828e-03
-1.000034642219543413e+00 3.034174442291259766e-03
-9.990978240966796875e-01 6.257891654968261719e-04
-9.984049320220946822e-01 4.459500312805175781e-03
-9.989918231964111106e-01 1.388192176818847656e-03
-1.000114059448242276e+00 4.182457923889160156e-04
-9.993201732635498269e-01 4.399538040161132812e-03
-1.000204086303710938e+00 6.500005722045898438e-03
-1.000161588191986084e+00 -1.583099365234375000e-04
-9.995249509811401367e-01 2.588748931884765625e-03
-1.000366878509521440e+00 9.281039237976074219e-04
-9.983465909957885964e-01 7.013201713562011719e-03
-9.994702816009521928e-01 2.045094966888427734e-03
-9.997343778610229270e-01 3.521263599395751953e-03
-9.994868040084838867e-01 -1.051127910614013672e-03
-9.985182762145996538e-01 3.832280635833740234e-03
-1.000460493564605757e+00 3.045260906219482422e-03
-9.987545967102050559e-01 6.579160690307617188e-04
-9.995173215866088867e-01 5.357623100280761719e-03
-9.986073970794677734e-01 5.136847496032714844e-03
-9.998315095901488814e-01 7.562637329101562500e-04
-9.997695207595824751e-01 4.880905151367187500e-03
-9.996650457382202370e-01 3.140747547149658203e-03
-9.993658781051635298e-01 1.705169677734375000e-03
-9.991934061050414817e-01 4.420340061187744141e-03
-9.994328022003173828e-01 3.187537193298339844e-03
-1.000683009624481201e+00 -7.318854331970214844e-04
-9.990611791610717329e-01 3.485202789306640625e-03
-9.988232135772705522e-01 2.787649631500244141e-03
-1.000150847434997603e+00 4.162430763244628906e-03
-9.993427276611328569e-01 4.006206989288330078e-03
-9.997620105743407759e-01 3.427088260650634766e-03
-1.001252973079681308e+00 6.517767906188964844e-04
-1.000371801853179976e+00 1.352369785308837891e-03
-9.976820230484009233e-01 3.479719161987304688e-03
-9.992507457733154075e-01 3.109812736511230469e-03
-9.983862638473510742e-01 1.946151256561279297e-03
-9.998662471771240234e-01 5.185067653656005859e-03
-9.996297359466552734e-01 3.603100776672363281e-03
-9.990620374679565208e-01 1.388311386108398438e-03
-9.994781970977782981e-01 2.042055130004882812e-04
-9.994729518890380637e-01 2.011477947235107422e-03
-9.994194030761718306e-01 4.175186157226562500e-03
-9.998540163040161577e-01 -4.946589469909667969e-04
-9.986732959747314231e-01 4.810333251953125000e-03
-9.985310077667236550e-01 2.671360969543457031e-03
-9.983188629150390181e-01 3.030180931091308594e-03
-9.990417480468749556e-01 3.207921981811523438e-03
-9.989236593246459961e-01 3.497540950775146484e-03
-9.998447895050048828e-01 2.351760864257812500e-03
-9.994785308837890181e-01 -7.293522357940673828e-04
-9.988245964050292969e-01 3.031849861145019531e-03
-1.000103271007537931e+00 5.667209625244140625e-04
-9.992604494094848855e-01 2.057015895843505859e-03
-1.000050401687622159e+00 2.055406570434570312e-03
-9.993187904357909712e-01 6.632804870605468750e-04
-9.991632461547851340e-01 8.890032768249511719e-04
-9.998098373413085715e-01 2.883970737457275391e-03
-1.000511932373046919e+00 7.295012474060058594e-04
-1.000132131576538130e+00 9.303689002990722656e-04
-9.990267276763915572e-01 5.355596542358398438e-03
-9.983941316604614258e-01 4.995584487915039062e-03
-9.993188381195068359e-01 2.196669578552246094e-03
-1.000996804237365811e+00 -2.084374427795410156e-04
-9.998116731643676980e-01 2.967059612274169922e-03
-9.983778953552245872e-01 -1.788556575775146484e-03
-9.995261669158935769e-01 -8.136034011840820312e-05
-9.974428653717041238e-01 2.845168113708496094e-03
-9.996933460235595259e-01 3.382205963134765625e-03
-9.997516393661498579e-01 2.882957458496093750e-03
-9.997336626052856223e-01 3.407716751098632812e-03
-9.985390186309814897e-01 1.889705657958984375e-03
-1.000249409675598056e+00 -4.653632640838623047e-04
-9.987393379211425559e-01 3.678858280181884766e-03
-9.987017154693603738e-01 2.621471881866455078e-03
-9.989899158477782981e-01 2.569496631622314453e-03
-9.992156028747558594e-01 4.369378089904785156e-03
-9.991609573364257368e-01 2.081692218780517578e-03
-9.984936952590942605e-01 3.915071487426757812e-03
-1.000049042701721236e+00 2.951383590698242188e-03
-9.991108179092407227e-01 7.277190685272216797e-03
-1.000689494609832808e+00 3.048777580261230469e-03
-9.988901853561401589e-01 1.388669013977050781e-03
-9.991549015045165794e-01 1.164674758911132812e-03
-9.996096849441528098e-01 3.402411937713623047e-03
-1.001212596893310547e+00 1.261055469512939453e-03
-1.000101304054260343e+00 7.018446922302246094e-04
-9.995570659637451616e-01 3.833591938018798828e-03
-9.996173858642578569e-01 2.214193344116210938e-03
-1.000538706779479980e+00 7.222890853881835938e-04
-9.994186878204345259e-01 2.215921878814697266e-03
-1.001349401473998979e+00 1.447498798370361328e-03
-1.000291287899017334e+00 2.003908157348632812e-03
-9.999458312988280806e-01 2.942979335784912109e-03
-9.995062351226806641e-01 2.583980560302734375e-03
-1.000501501560211226e+00 2.745747566223144531e-03
-9.989436864852905273e-01 2.698004245758056641e-03
-9.992300748825073686e-01 2.689063549041748047e-03
-1.000185775756835982e+00 1.620650291442871094e-04
-9.985805749893188477e-01 3.875792026519775391e-03
-1.000061607360839933e+00 1.701951026916503906e-03
-9.999357700347900613e-01 1.502633094787597656e-03
-9.983723402023315652e-01 2.066552639007568359e-03
-9.994541406631469727e-01 2.597332000732421875e-03
-9.980046033859253374e-01 4.323542118072509766e-03
-9.996282100677490456e-01 2.470374107360839844e-03
-9.998791933059691939e-01 3.131687641143798828e-03
-9.993616104125976340e-01 -7.331371307373046875e-05
-9.988569498062134233e-01 4.348516464233398438e-03
-9.982305765151977539e-01 7.412433624267578125e-04
-9.996757745742798074e-01 1.946747303009033203e-03
-1.000454890727996871e+00 7.656216621398925781e-04
-9.973018169403076172e-01 2.633213996887207031e-03
-9.998735666275024858e-01 -1.349806785583496094e-03
-1.000323891639709473e+00 3.490388393402099609e-03
-9.986246109008789507e-01 3.385782241821289062e-03
-1.000346803665161044e+00 4.554808139801025391e-03
-1.000405669212341309e+00 2.737045288085937500e-04
-9.999749660491943359e-01 2.713382244110107422e-03
-1.000010704994201749e+00 4.240274429321289062e-03
-9.988929271697998269e-01 1.041352748870849609e-03
-9.995830535888672319e-01 3.120720386505126953e-03
-9.993763446807861772e-01 -1.513987779617309570e-03
-1.001092720031738326e+00 4.128575325012207031e-03
-9.994210958480834739e-01 1.118540763854980469e-03
-9.999656438827514426e-01 1.036226749420166016e-03
-9.997709035873413308e-01 -2.016931772232055664e-03
-9.998141050338744673e-01 8.817315101623535156e-04
-1.000469684600830078e+00 -3.297626972198486328e-04
-9.999868392944335493e-01 3.413915634155273438e-03
-1.000460124015808194e+00 1.497209072113037109e-03
-9.998558759689331055e-01 4.482507705688476562e-03
-9.994832992553710493e-01 2.250969409942626953e-03
-9.995660781860351562e-01 2.933681011199951172e-03
-1.000556957721710161e+00 -2.949237823486328125e-04
-9.973594188690185769e-01 5.093812942504882812e-03
-9.997084379196167214e-01 2.721488475799560547e-03
-9.994560956954956499e-01 1.654982566833496094e-03
-9.983770608901977317e-01 2.660632133483886719e-03
-9.980468750000000000e-01 3.491878509521484375e-03
-9.992532730102539062e-01 4.796981811523437500e-04
-9.989218473434448020e-01 9.334087371826171875e-04
-9.994023799896240012e-01 2.181231975555419922e-03
-9.993768453598022017e-01 4.635989665985107422e-03
-9.993468523025512695e-01 1.861095428466796875e-03
-9.979753971099853960e-01 1.954853534698486328e-03
-1.000628829002380371e+00 4.968643188476562500e-03
-9.996293783187866211e-01 5.163967609405517578e-03
-9.984090805053711382e-01 3.427684307098388672e-03
-9.992394924163818803e-01 7.570922374725341797e-03
-9.987176895141601785e-01 1.820087432861328125e-03
-9.982107400894164595e-01 3.021836280822753906e-03
-9.993583202362060769e-01 7.287859916687011719e-04
-9.992688894271850586e-01 -7.221996784210205078e-04
-9.997990846633910689e-01 -9.464919567108154297e-04
-9.999779701232910378e-01 3.376543521881103516e-03
-9.998205184936523882e-01 1.567065715789794922e-03
-9.995517969131469949e-01 3.481209278106689453e-03
-9.998368024826049805e-01 2.511620521545410156e-03
-9.991019725799560325e-01 3.929972648620605469e-03
-9.987134218215942827e-01 2.385139465332031250e-03
-1.000147342681884766e+00 2.032697200775146484e-03
-1.001042413711547896e+00 -5.980134010314941406e-04
-9.995235681533813921e-01 3.358304500579833984e-03
-9.995944261550903098e-01 4.690825939178466797e-03
-9.990918159484862837e-01 3.110110759735107422e-03
-9.991747617721558061e-01 2.792835235595703125e-03
-9.995987653732300027e-01 1.782536506652832031e-03
-9.994460821151733843e-01 5.065798759460449219e-04
-9.985085248947143111e-01 2.966225147247314453e-03
-9.969528913497924805e-01 3.613471984863281250e-03
-1.000560569763183638e+00 2.999544143676757812e-03
-9.992280244827270730e-01 3.845691680908203125e-04
-1.000519061088561923e+00 2.867996692657470703e-03
-9.990130186080932173e-01 -8.767843246459960938e-05
-1.000315642356872647e+00 2.378046512603759766e-03
-1.000580203533172563e+00 8.965134620666503906e-04
-1.000631189346313565e+00 1.595914363861083984e-03
-9.988630771636962669e-01 1.063346862792968750e-03
-9.994665384292602539e-01 -4.005432128906250000e-05
-1.000294935703277543e+00 2.304494380950927734e-03
-9.996701717376709206e-01 1.346468925476074219e-03
-9.998070716857909712e-01 7.106125354766845703e-03
-9.984735965728759322e-01 2.394020557403564453e-03
-9.988677263259887473e-01 4.469752311706542969e-04
-9.993735551834106445e-01 4.305601119995117188e-03
-9.985308647155761719e-01 2.969086170196533203e-03
-9.999570369720458540e-01 1.935482025146484375e-03
-9.979352712631225364e-01 2.049207687377929688e-04
-9.986174106597900391e-01 1.179873943328857422e-03
-9.981915950775146484e-01 5.624294281005859375e-03
-9.999836444854736106e-01 1.548528671264648438e-03
-1.000356733798980713e+00 1.907110214233398438e-03
-9.998265743255615456e-01 4.232525825500488281e-04
-9.997058868408202903e-01 1.715898513793945312e-03
-9.991551399230956809e-01 4.149377346038818359e-03
-9.996748208999634011e-01 1.903414726257324219e-03
-9.983970880508422630e-01 3.574252128601074219e-03
-9.988204956054687056e-01 3.863215446472167969e-03
-9.983939886093139426e-01 7.926523685455322266e-03
-9.989682197570800559e-01 1.458466053009033203e-03
-1.000396859645843461e+00 2.387642860412597656e-03
-9.990351438522339089e-01 2.972602844238281250e-03
-9.989555358886719194e-01 1.527547836303710938e-03
-1.000119709968566806e+00 3.199398517608642578e-03
-9.979848146438599077e-01 1.729369163513183594e-03
-1.000874102115631104e+00 3.390073776245117188e-03
-9.984210968017578347e-01 5.686342716217041016e-03
-9.998176097869873047e-01 -2.356171607971191406e-04
-9.976236104965210405e-01 6.026625633239746094e-04
-9.995167970657348189e-01 4.207730293273925781e-03
-9.985182046890258567e-01 4.322588443756103516e-03
-9.996270656585692915e-01 -1.980662345886230469e-04
-9.998418331146240456e-01 3.504753112792968750e-04
-9.984425067901611106e-01 5.876362323760986328e-03
-9.995666742324829102e-01 1.180231571197509766e-03
-9.985196828842163308e-01 -1.393973827362060547e-03
-9.985880851745605469e-01 4.251122474670410156e-03
-9.992897748947143777e-01 5.428671836853027344e-03
-9.991896390914917214e-01 5.938529968261718750e-03
-9.991680622100830300e-01 3.523766994476318359e-03
-9.991392135620117410e-01 5.142331123352050781e-03
-1.000497257709503263e+00 6.738185882568359375e-03
-9.986584186553955078e-01 6.060779094696044922e-03
-1.000692105293274015e+00 4.601657390594482422e-03
-9.990710735321044478e-01 6.402313709259033203e-03
-9.997484207153319868e-01 4.853725433349609375e-03
-9.994881391525268777e-01 2.116680145263671875e-03
-9.987857103347778098e-01 3.973305225372314453e-03
-1.000150847434997603e+00 4.292368888854980469e-03
-9.995768070220947266e-01 5.567431449890136719e-03
-9.981080770492554155e-01 1.968145370483398438e-03
-1.000415706634521396e+00 1.650393009185791016e-03
-1.000256979465484530e+00 1.851439476013183594e-03
-9.979318618774414285e-01 3.907620906829833984e-03
-9.994745016098022239e-01 4.551827907562255859e-03
-9.998767614364624245e-01 3.628253936767578125e-03
-1.000066816806793213e+00 4.243016242980957031e-03
-1.000959718227386386e+00 3.708899021148681641e-03
-9.997604370117187944e-01 5.600452423095703125e-04
-9.994399070739745650e-01 3.767251968383789062e-03
-1.000318765640258789e+00 4.005432128906250000e-04
-9.996942043304443137e-01 2.938985824584960938e-03
-9.996734619140624778e-01 3.796219825744628906e-03
-9.999953508377075195e-01 2.053856849670410156e-03
-9.990816593170166460e-01 4.369020462036132812e-05
-1.000680434703826949e+00 1.529753208160400391e-03
-1.000553989410400302e+00 9.919404983520507812e-04
-1.000210976600647061e+00 1.850545406341552734e-03
-1.000313556194305509e+00 1.185834407806396484e-03
-9.992632389068603072e-01 2.441346645355224609e-03
-9.992799758911132812e-01 2.015233039855957031e-03
-9.988780260086059792e-01 3.914594650268554688e-03
-9.996484279632568137e-01 -2.743899822235107422e-04
-9.991266250610351118e-01 2.568483352661132812e-03
-1.000066792964935392e+00 4.661083221435546875e-05
-1.000713670253753573e+00 1.464068889617919922e-03
-9.998536348342895730e-01 -4.076361656188964844e-04
-9.996247053146362083e-01 2.038061618804931641e-03
-9.996063470840453880e-01 2.208769321441650391e-03
-9.999021530151367410e-01 9.660720825195312500e-04
-1.000910484790801913e+00 -7.178187370300292969e-04
-1.000289130210876509e+00 2.791285514831542969e-03
-1.000433135032653853e+00 2.767443656921386719e-03
-9.995056152343749778e-01 1.487910747528076172e-03
-9.996002197265625444e-01 1.279890537261962891e-03
-9.997154474258422852e-01 1.123130321502685547e-03
-1.000438117980956942e+00 2.848565578460693359e-03
-1.000151813030242920e+00 1.712918281555175781e-03
-9.997627973556518777e-01 2.584338188171386719e-03
-9.995284318923950417e-01 1.616954803466796875e-03
-1.001112473011016801e+00 -1.814067363739013672e-04
-1.000374448299407915e+00 1.917719841003417969e-03
-1.000115346908569292e+00 8.620023727416992188e-04
-9.998162508010863814e-01 2.262592315673828125e-04
-1.000047457218170122e+00 9.401440620422363281e-04
-9.998764038085937722e-01 1.144468784332275391e-03
-1.000354409217834473e+00 3.734886646270751953e-03
-1.000560307502746493e+00 1.116812229156494141e-03
-9.994760751724243164e-01 1.191735267639160156e-03
-1.000410413742065519e+00 1.947104930877685547e-03
-1.000207579135894864e+00 3.193140029907226562e-03
-1.000278496742248446e+00 9.435415267944335938e-04
-1.000000882148742720e+00 4.779577255249023438e-03
-1.000886774063110440e+00 2.463877201080322266e-03
-9.988516807556152566e-01 2.173960208892822266e-03
-9.992478609085082564e-01 2.687454223632812500e-03
-9.996979713439941850e-01 2.034723758697509766e-03
-1.000384485721588224e+00 3.977298736572265625e-03
-9.994218111038207786e-01 9.248852729797363281e-04
-9.987650156021118386e-01 4.408955574035644531e-03
-9.988402843475341353e-01 3.532528877258300781e-03
-1.001023995876312300e+00 1.598000526428222656e-03
-9.998605012893676536e-01 -2.185195684432983398e-03
-1.000362193584442227e+00 4.080116748809814453e-03
-1.000520241260528520e+00 1.852750778198242188e-03
-1.000186204910278320e+00 2.815008163452148438e-03
-9.998962879180908203e-01 1.373171806335449219e-03
-9.998975992202758789e-01 1.020789146423339844e-03
-1.000149297714233443e+00 -1.462966203689575195e-03
-9.999830484390258567e-01 6.849169731140136719e-04
-9.995878934860229492e-01 1.858592033386230469e-03
-1.000153577327728360e+00 -1.353681087493896484e-03
-9.993800401687622514e-01 1.325011253356933594e-03
-9.998768329620361106e-01 3.198087215423583984e-03
-9.999930143356323686e-01 6.622076034545898438e-04
-9.998454332351685014e-01 1.298069953918457031e-03
-9.998102426528930886e-01 4.167199134826660156e-03
-9.998151779174804243e-01 3.107786178588867188e-04
-1.000444650650024414e+00 -1.645416021347045898e-03
-1.000460243225097745e+00 1.726210117340087891e-03
-1.000229656696319580e+00 3.990411758422851562e-03
-1.000416624546051070e+00 2.932906150817871094e-03
-1.000164842605590909e+00 3.049969673156738281e-04
-1.000964176654815629e+00 1.400113105773925781e-03
-9.998479843139648215e-01 2.813518047332763672e-03
-9.994704723358154297e-01 6.930828094482421875e-04
-1.000413274765014737e+00 4.127442836761474609e-03
-1.000593960285186768e+00 1.696109771728515625e-03
-9.991088628768920454e-01 2.322196960449218750e-03
-9.995966672897338423e-01 -2.493262290954589844e-04
-1.001554131507873535e+00 -7.234811782836914062e-04
-1.000160753726959229e+00 -4.027485847473144531e-04
-9.999568700790405495e-01 3.211617469787597656e-03
-1.000323343276977583e+00 3.743767738342285156e-04
-1.000817739963531405e+00 9.169578552246093750e-04
-1.000201678276062101e+00 4.003047943115234375e-04
-1.000576698780059726e+00 1.487731933593750000e-04
-9.997882127761841264e-01 2.268552780151367188e-04
-9.999858140945434570e-01 2.365469932556152344e-03
-9.989098072052001731e-01 1.675426959991455078e-03
-1.000676739215850874e+00 -3.501772880554199219e-05
-9.999712705612182617e-01 -8.347630500793457031e-05
-9.998554706573485884e-01 1.553475856781005859e-03
-1.000336992740631148e+00 5.282163619995117188e-03
-1.000001072883605957e+00 -9.553730487823486328e-04
-1.000313723087310702e+00 -1.109808683395385742e-03
-1.000534105300903365e+00 9.135603904724121094e-04
-9.998035907745361772e-01 7.499456405639648438e-04
-9.998938560485839400e-01 1.255869865417480469e-03
-1.000215578079223677e+00 1.377224922180175781e-03
-1.000656986236572177e+00 2.353131771087646484e-03
-1.000810527801513583e+00 -1.924335956573486328e-04
-9.994712114334106667e-01 1.514434814453125000e-03
-1.000116956233978227e+00 7.362365722656250000e-04
-9.988891839981078880e-01 3.183007240295410156e-03
-1.000478518009185747e+00 -2.970099449157714844e-04
-1.000193822383880660e+00 -1.682043075561523438e-04
-9.991696357727051225e-01 1.886487007141113281e-03
-9.999671459197998491e-01 7.472038269042968750e-04
-9.997047901153564009e-01 2.642869949340820312e-03
-1.000761222839355424e+00 6.247162818908691406e-04
-1.000704610347747714e+00 -6.979703903198242188e-05
-9.995872974395751953e-01 1.459658145904541016e-03
-9.989366769790649636e-01 1.743555068969726562e-03
-9.994782924652099165e-01 2.703070640563964844e-04
-9.999036073684692827e-01 8.977651596069335938e-04
-9.997956037521362749e-01 2.987682819366455078e-03
-1.000728726387023926e+00 -1.864433288574218750e-04
-1.000461041927337646e+00 1.691460609436035156e-03
-9.996130228042602317e-01 5.497932434082031250e-04
-9.995828151702881303e-01 1.357793807983398438e-03
-9.993454694747925249e-01 1.408338546752929688e-03
-1.001813054084777832e+00 4.307031631469726562e-04
-9.997856378555297630e-01 1.752376556396484375e-03
-1.000530588626861617e+00 7.274150848388671875e-04
-9.996034860610961692e-01 2.252340316772460938e-03
-1.000022196769714267e+00 1.981258392333984375e-03
-1.000288724899291992e+00 1.550555229187011719e-03
-1.000034451484680176e+00 9.645223617553710938e-04
-9.996643543243408647e-01 2.035200595855712891e-03
-9.999788045883178933e-01 1.412570476531982422e-03
-1.000404298305511475e+00 1.946449279785156250e-03
-1.000557613372802690e+00 5.708336830139160156e-04
-9.996265649795532671e-01 8.757710456848144531e-04
-9.999197721481323242e-01 1.371264457702636719e-03
-9.998032808303832786e-01 2.108216285705566406e-03
-1.000249612331390425e+00 2.493679523468017578e-03
-9.984085798263550027e-01 2.035677433013916016e-03
-1.000709629058837979e+00 6.312131881713867188e-05
-1.000496697425842241e+00 1.557409763336181641e-03
-9.997589588165283203e-01 2.591073513031005859e-03
-9.995623111724853960e-01 -1.416593790054321289e-03
-1.000712621212005660e+00 1.778125762939453125e-03
-1.000716090202331543e+00 2.684056758880615234e-03
-1.000266432762145996e+00 8.884072303771972656e-04
-1.000242877006530806e+00 1.146495342254638672e-03
-1.000034832954406649e+00 1.064240932464599609e-03
-9.997794866561889870e-01 1.327157020568847656e-03
-1.000237977504730313e+00 1.569986343383789062e-04
-1.000949966907501265e+00 5.084872245788574219e-04
-1.000372087955474942e+00 2.969026565551757812e-03
-9.993904113769531694e-01 9.404420852661132812e-04
-9.999361753463744673e-01 2.538561820983886719e-04
-1.001038634777069003e+00 7.539391517639160156e-04
-9.998923301696777122e-01 1.386165618896484375e-03
-1.000585031509399370e+00 1.428663730621337891e-03
-1.000594925880432084e+00 -1.628518104553222656e-03
-1.000134158134460494e+00 1.843154430389404297e-03
-1.000222802162170410e+00 1.061737537384033203e-03
-1.000496816635131792e+00 1.633226871490478516e-03
-9.994623422622680442e-01 4.184246063232421875e-04
-9.996297836303711382e-01 2.263307571411132812e-03
-1.000576603412628218e+00 -1.192599534988403320e-03
-1.001543915271759122e+00 1.088380813598632812e-04
-9.992372989654541016e-01 5.459427833557128906e-03
-9.994938611984253152e-01 2.011120319366455078e-03
-9.997182369232178178e-01 1.498997211456298828e-03
-9.991972446441650391e-01 1.674890518188476562e-04
-1.000665605068206787e+00 -1.191705465316772461e-03
-9.997124195098876509e-01 3.574609756469726562e-03
-9.994517564773559570e-01 2.310812473297119141e-03
-9.993151903152466264e-01 1.733183860778808594e-03
-9.991902589797974077e-01 1.632809638977050781e-03
-9.999395847320556863e-01 3.565251827239990234e-03
-9.996781826019287553e-01 1.953244209289550781e-04
-9.997016668319702593e-01 2.417027950286865234e-03
-9.998488664627075417e-01 3.695905208587646484e-03
-9.995891571044921431e-01 3.853499889373779297e-03
-1.000749289989471436e+00 -1.217722892761230469e-03
-9.991873502731323242e-01 2.332091331481933594e-03
-9.995413303375244585e-01 9.866952896118164062e-04
-9.993958234786987083e-01 1.958072185516357422e-03
-1.000299763679504350e+00 -4.221498966217041016e-04
-1.000251221656799361e+00 3.540039062500000000e-03
-9.998632907867431863e-01 8.774995803833007812e-03
-9.985119342803955300e-01 2.954602241516113281e-03
-1.001394748687744141e+00 4.799187183380126953e-03
-9.974243402481078880e-01 6.499171257019042969e-03
-9.999143838882446067e-01 1.780331134796142578e-03
-9.989275455474853072e-01 1.055955886840820312e-03
-9.988812685012817827e-01 3.276288509368896484e-03
-9.998353004455566850e-01 5.112588405609130859e-03
-9.986657142639160378e-01 3.291368484497070312e-03
-9.990178108215331809e-01 6.030857563018798828e-03
-9.984979391098022239e-01 4.152417182922363281e-03
-9.991367340087891069e-01 5.316853523254394531e-03
-9.994407892227172852e-01 2.806842327117919922e-03
-9.988364458084106889e-01 6.132543087005615234e-03
-1.000220239162445068e+00 2.409756183624267578e-03
-9.997442483901977095e-01 1.272857189178466797e-03
-9.989468097686767800e-01 3.768503665924072266e-03
-1.000489258766174228e+00 5.866408348083496094e-03
-1.000952482223510742e+00 1.443207263946533203e-03
-9.994076728820801003e-01 1.902401447296142578e-03
-1.000055205821990922e+00 2.971887588500976562e-03
-9.988087654113769753e-01 -1.436769962310791016e-04
-9.994722366333007590e-01 2.283632755279541016e-03
-1.000066149234771773e+00 4.537880420684814453e-03
-9.988823413848877397e-01 2.626299858093261719e-03
-9.987576007843017578e-01 7.559239864349365234e-03
-1.000698149204254150e+00 2.225279808044433594e-03
-9.975744962692261186e-01 4.062771797180175781e-03
-1.001138997077941850e+00 1.907348632812500000e-05
-9.992118597030639204e-01 5.116641521453857422e-03
-9.992604732513428178e-01 5.208373069763183594e-03
-9.989922761917113814e-01 3.089189529418945312e-03
-9.977968692779540794e-01 4.450440406799316406e-03
-9.991666793823241743e-01 6.100773811340332031e-03
-9.992322921752929688e-01 1.635372638702392578e-03
-9.986413002014160600e-01 3.133058547973632812e-03
-9.993504047393798606e-01 1.783967018127441406e-04
-9.998221874237060991e-01 6.628036499023437500e-04
-9.995376825332641380e-01 3.030061721801757812e-03
-9.994677543640136941e-01 -1.439750194549560547e-04
-9.996393442153930220e-01 5.066454410552978516e-03
-9.983518600463867632e-01 2.556800842285156250e-03
-1.001519632339477495e+00 2.116501331329345703e-03
-9.997120141983032449e-01 8.279681205749511719e-04
-9.998504400253296343e-01 4.068732261657714844e-03
-9.988922834396362083e-01 5.268931388854980469e-03
-9.997213840484618919e-01 1.423954963684082031e-03
-9.988141059875488281e-01 6.074845790863037109e-03
-9.998820543289184126e-01 1.610875129699707031e-03
-9.987709283828735130e-01 1.900672912597656250e-03
-9.985756635665893333e-01 7.411479949951171875e-03
-1.000310611724853471e+00 4.028022289276123047e-03
-9.990376949310302290e-01 -5.965232849121093750e-04
-9.995448112487792525e-01 -3.175437450408935547e-04
-9.992199897766113059e-01 4.632771015167236328e-03
-9.987082719802856667e-01 3.129899501800537109e-03
-1.000204873085021928e+00 2.783179283142089844e-03
-9.994950771331787553e-01 4.122018814086914062e-03
-9.977679252624511719e-01 2.961337566375732422e-03
-1.000826001167297363e+00 3.912687301635742188e-03
-9.994096040725708452e-01 7.829129695892333984e-03
-9.979846715927124245e-01 3.096699714660644531e-03
-9.985327959060669167e-01 9.446144104003906250e-04
-1.000554049015045077e+00 3.068029880523681641e-03
-9.995006322860717773e-01 5.583822727203369141e-03
-9.995374917984009011e-01 6.335437297821044922e-03
-1.000354385375976651e+00 2.939939498901367188e-03
-9.988975048065185103e-01 4.597485065460205078e-03
-1.000484609603881747e+00 3.453671932220458984e-03
-9.989216089248657005e-01 4.720091819763183594e-03
-9.991579294204712136e-01 5.825042724609375000e-03
-9.992242813110351340e-01 2.975106239318847656e-03
-9.993830442428588423e-01 4.991054534912109375e-03
