-1.999999972681478777e+00 -1.999999972490669187e+00
-9.014521956443786621e+00 -9.002160608768463135e+00
4.870742559432983398e-01 5.022764801979064941e-01
4.858915209770202637e-01 4.964581727981567383e-01
4.882199764251708984e-01 4.968531131744384766e-01
4.857270717620849609e-01 4.992492794990539551e-01
4.847081899642944336e-01 4.970149993896484375e-01
4.858022928237915039e-01 4.994985461235046387e-01
4.857262372970581055e-01 5.042737126350402832e-01
4.851775765419006348e-01 4.945983290672302246e-01
4.871077537536621094e-01 4.963397383689880371e-01
4.868522286415100098e-01 4.989511370658874512e-01
4.868122339248657227e-01 4.976225495338439941e-01
4.892190098762512207e-01 4.987497925758361816e-01
4.848698377609252930e-01 4.993700981140136719e-01
4.865247607231140137e-01 4.980539679527282715e-01
4.882955551147460938e-01 4.980053305625915527e-01
4.857946038246154785e-01 5.022261738777160645e-01
4.842125773429870605e-01 4.996464252471923828e-01
4.831213951110839844e-01 4.965562820434570312e-01
