-1.076938295364379794e+00 -7.595023512840270996e-02
-1.077128052711486816e+00 -7.963201403617858887e-02
-1.076754570007324219e+00 -7.827517390251159668e-02
-1.077210378646850542e+00 -7.786676287651062012e-02
-1.077025175094604492e+00 -7.434293627738952637e-02
-1.077862882614135653e+00 -7.715055346488952637e-02
-1.077399730682373047e+00 -7.853808999061584473e-02
-1.077196764945983931e+00 -8.128604292869567871e-02
-1.077110600471496538e+00 -7.821545004844665527e-02
-1.076237726211547896e+00 -7.833012938499450684e-02
-1.077596259117126420e+00 -7.445618510246276855e-02
-1.078180742263793901e+00 -7.973006367683410645e-02
-1.077313542366027832e+00 -8.178082108497619629e-02
-1.076916790008545011e+00 -7.405391335487365723e-02
-1.078021669387817294e+00 -7.692596316337585449e-02
-1.078051471710204989e+00 -8.120200037956237793e-02
-1.077167057991027743e+00 -7.432022690773010254e-02
-1.077420496940612704e+00 -7.500728964805603027e-02
-1.077126288414001376e+00 -7.823041081428527832e-02
-1.077485156059265092e+00 -7.930013537406921387e-02
