-1.000829172134399370e+00 9.740948677062988281e-03
-1.000516748428344815e+00 8.787274360656738281e-03
-1.001087355613708541e+00 4.509866237640380859e-03
-1.000382256507873491e+00 9.577810764312744141e-03
-1.000719237327575728e+00 1.142835617065429688e-02
-1.001078009605407715e+00 7.996916770935058594e-03
-9.998152494430542214e-01 1.385277509689331055e-02
-1.000539422035217285e+00 1.137572526931762695e-02
-1.000473308563232466e+00 8.146822452545166016e-03
-1.001137375831604004e+00 7.459521293640136719e-03
-9.998148202896117720e-01 8.288621902465820312e-03
-1.000740742683410733e+00 9.163379669189453125e-03
-1.000456213951110840e+00 7.535457611083984375e-03
-1.001333236694335938e+00 9.826481342315673828e-03
-9.997612476348877175e-01 8.443295955657958984e-03
-1.000828313827514693e+00 8.993685245513916016e-03
-1.000069546699523970e+00 7.901966571807861328e-03
-1.001066517829894975e+00 9.345829486846923828e-03
-9.998521566390990989e-01 1.155811548233032227e-02
-1.001112532615661577e+00 9.005963802337646484e-03
-1.000654888153076127e+00 1.088827848434448242e-02
-1.000338697433471591e+00 8.655011653900146484e-03
-1.001250362396240323e+00 8.055865764617919922e-03
-9.996213436126708540e-01 1.216471195220947266e-02
-1.000287938117981001e+00 9.787440299987792969e-03
-1.000862598419189453e+00 9.995758533477783203e-03
-1.000216436386108354e+00 6.394803524017333984e-03
-1.000375199317932173e+00 8.579015731811523438e-03
-1.000140500068664506e+00 8.146047592163085938e-03
-1.000203466415405362e+00 8.486092090606689453e-03
-1.000959825515747026e+00 1.028519868850708008e-02
-1.000295233726501420e+00 1.216769218444824219e-02
-9.996887207031249778e-01 1.051068305969238281e-02
-9.991616249084472878e-01 1.051449775695800781e-02
-1.000810217857360795e+00 9.122014045715332031e-03
-1.000330114364623935e+00 1.041346788406372070e-02
-1.001746559143066317e+00 1.201230287551879883e-02
-9.999795436859131303e-01 8.348405361175537109e-03
-1.000112581253051802e+00 8.139789104461669922e-03
-1.000453352928161621e+00 4.368424415588378906e-03
-1.000745964050292924e+00 9.814441204071044922e-03
-1.000273346900939941e+00 7.381081581115722656e-03
-1.000562810897827060e+00 9.503841400146484375e-03
-1.001594734191894487e+00 8.285343647003173828e-03
-1.000421977043151944e+00 8.816897869110107422e-03
-1.000659871101379439e+00 8.818507194519042969e-03
-1.001173710823059171e+00 7.839381694793701172e-03
-9.997642755508422407e-01 1.032954454421997070e-02
-1.000542354583740190e+00 7.324337959289550781e-03
-1.000536894798278897e+00 1.025760173797607422e-02
-1.000775241851806552e+00 1.115179061889648438e-02
-9.999773263931274192e-01 1.141834259033203125e-02
-9.998633384704589400e-01 9.909808635711669922e-03
-1.001611685752868741e+00 9.564578533172607422e-03
-1.001256513595581099e+00 1.015949249267578125e-02
-1.000565648078918457e+00 6.787896156311035156e-03
-1.000918340682983354e+00 6.970107555389404297e-03
-1.000838637351989746e+00 9.090244770050048828e-03
-1.000398540496826083e+00 1.315909624099731445e-02
-1.000252246856689453e+00 6.052792072296142578e-03
-1.000086402893066495e+00 1.042169332504272461e-02
-1.001430487632751554e+00 7.235288619995117188e-03
-1.000742316246032715e+00 7.542133331298828125e-03
-1.000648474693298429e+00 6.474316120147705078e-03
-1.000995469093322709e+00 8.757174015045166016e-03
-1.000395131111144975e+00 8.908212184906005859e-03
-1.001127767562866255e+00 6.147205829620361328e-03
-1.000481224060058683e+00 7.602453231811523438e-03
-9.999200105667114258e-01 7.696330547332763672e-03
-9.999770402908325639e-01 7.985651493072509766e-03
-1.001029014587402344e+00 1.184016466140747070e-02
-1.000412297248840288e+00 1.163923740386962891e-02
-9.996154785156250444e-01 8.145630359649658203e-03
-1.000807213783264205e+00 8.577704429626464844e-03
-9.998374700546264204e-01 8.087575435638427734e-03
-1.001764416694641113e+00 1.357877254486083984e-02
-1.000750970840454057e+00 6.731152534484863281e-03
-9.991669416427612083e-01 5.841076374053955078e-03
-1.000379776954650968e+00 5.719423294067382812e-03
-1.000762581825256348e+00 9.541332721710205078e-03
-1.000785231590270996e+00 9.415507316589355469e-03
-9.999543666839599831e-01 8.693754673004150391e-03
-1.001103091239929244e+00 6.661832332611083984e-03
-9.999711036682128462e-01 8.840680122375488281e-03
-9.997687101364135520e-01 9.380400180816650391e-03
-1.002060747146606534e+00 5.944013595581054688e-03
-1.001130104064941406e+00 1.224380731582641602e-02
-1.000590252876281783e+00 7.865667343139648438e-03
-1.000707077980041548e+00 1.081866025924682617e-02
-9.997863054275513139e-01 9.379744529724121094e-03
-1.001057767868041903e+00 6.158530712127685547e-03
-1.000716066360473722e+00 5.896210670471191406e-03
-9.996157169342041460e-01 6.766378879547119141e-03
-1.000038766860961825e+00 1.069837808609008789e-02
-1.000030827522277788e+00 8.590281009674072266e-03
-1.001007056236267179e+00 8.699476718902587891e-03
-1.000298571586608842e+00 1.241165399551391602e-02
-1.001152443885803267e+00 9.286344051361083984e-03
-1.001286149024963379e+00 7.054626941680908203e-03
-9.997346639633178933e-01 8.140385150909423828e-03
-9.999500513076782227e-01 1.115226745605468750e-02
-1.002080130577087447e+00 8.450984954833984375e-03
-9.997649192810058594e-01 1.039755344390869141e-02
-1.000579619407653720e+00 1.043814420700073242e-02
-1.000257158279418856e+00 7.676959037780761719e-03
-9.999344587326050027e-01 1.201832294464111328e-02
-1.000455832481384366e+00 9.424448013305664062e-03
-1.001773953437805176e+00 9.911537170410156250e-03
-9.995137691497802956e-01 1.084792613983154297e-02
-9.995444536209106001e-01 1.313900947570800781e-02
-1.001307010650634766e+00 7.309556007385253906e-03
-1.000391793251037553e+00 8.585333824157714844e-03
-1.000718975067138583e+00 1.016801595687866211e-02
-1.000769162178039462e+00 8.644759654998779297e-03
-1.001140356063842773e+00 1.014804840087890625e-02
-9.999267816543578880e-01 1.215130090713500977e-02
-1.000701618194580034e+00 9.837269783020019531e-03
-1.000821900367736772e+00 7.350325584411621094e-03
-1.001080060005187899e+00 9.345531463623046875e-03
-9.999622821807860884e-01 1.106280088424682617e-02
-1.000793910026550382e+00 7.916748523712158203e-03
-9.998889923095702903e-01 8.788645267486572266e-03
-1.000546312332153409e+00 1.140433549880981445e-02
-9.992437839508057085e-01 8.362948894500732422e-03
-9.991843461990356223e-01 1.264369487762451172e-02
-1.000201177597045854e+00 1.130992174148559570e-02
-1.000230169296264737e+00 8.617639541625976562e-03
-1.001444458961486816e+00 6.568014621734619141e-03
-9.997760057449340820e-01 1.006335020065307617e-02
-1.000607228279113858e+00 1.283216476440429688e-02
-9.994232654571533203e-01 1.114243268966674805e-02
-1.000736427307128862e+00 6.329596042633056641e-03
-1.000346684455871493e+00 9.139060974121093750e-03
-1.001013207435607955e+00 1.157331466674804688e-02
-1.000725126266479581e+00 9.808957576751708984e-03
-1.000378370285034180e+00 1.102346181869506836e-02
-1.000990557670593306e+00 7.431864738464355469e-03
-9.991312503814697710e-01 9.346008300781250000e-03
-9.999183893203735796e-01 7.186591625213623047e-03
-1.000261783599853516e+00 1.413500308990478516e-02
-1.000411200523376509e+00 8.568108081817626953e-03
-1.000268697738647461e+00 7.793784141540527344e-03
-1.001007771492004483e+00 7.851898670196533203e-03
-9.992866516113281250e-01 9.127259254455566406e-03
-1.001162862777710050e+00 7.816195487976074219e-03
-1.001505470275878995e+00 7.120192050933837891e-03
-1.001226758956909269e+00 6.026625633239746094e-03
-1.000423026084899858e+00 1.030892133712768555e-02
-1.000327777862548784e+00 6.342351436614990234e-03
-1.000707721710205167e+00 1.398575305938720703e-02
-9.990859031677246094e-01 8.357644081115722656e-03
-9.999569416046142356e-01 7.317841053009033203e-03
-1.000265359878540039e+00 8.522331714630126953e-03
-9.997066020965575950e-01 7.051825523376464844e-03
-1.000887060165405185e+00 9.485065937042236328e-03
-1.001224040985107422e+00 6.156682968139648438e-03
-1.000557088851928622e+00 7.391631603240966797e-03
-9.993653774261475053e-01 1.033306121826171875e-02
-1.000165271759033248e+00 1.104772090911865234e-02
-1.000337481498718262e+00 7.031261920928955078e-03
-9.996184110641479492e-01 7.855594158172607422e-03
-9.999616622924805132e-01 1.028233766555786133e-02
-1.000068616867065385e+00 6.165146827697753906e-03
-1.001489806175231978e+00 7.416367530822753906e-03
-1.000902986526489347e+00 9.061217308044433594e-03
-1.001620912551879794e+00 9.858310222625732422e-03
-1.000149798393249467e+00 8.443355560302734375e-03
-1.000372934341430708e+00 1.185846328735351562e-02
-9.998501300811767356e-01 9.184718132019042969e-03
-1.000646138191223056e+00 9.611606597900390625e-03
-9.999275207519531250e-01 1.377379894256591797e-02
-9.993746519088745339e-01 8.284747600555419922e-03
-9.991101503372192827e-01 8.686125278472900391e-03
-1.000320053100586026e+00 9.906589984893798828e-03
-9.996404647827148438e-01 1.164084672927856445e-02
-1.001126980781555265e+00 1.148945093154907227e-02
-9.997596979141235574e-01 8.929848670959472656e-03
-1.001580715179443359e+00 8.594214916229248047e-03
-1.001295614242553755e+00 9.348213672637939453e-03
-1.000316405296325595e+00 8.768975734710693359e-03
-1.000394845008850009e+00 7.388174533843994141e-03
-1.001072645187377930e+00 8.904695510864257812e-03
-9.999411582946777788e-01 9.938001632690429688e-03
-1.001223278045654252e+00 1.176440715789794922e-02
-1.000216507911682040e+00 1.062464714050292969e-02
-1.000678706169128462e+00 6.863057613372802734e-03
-1.000992536544799805e+00 8.806645870208740234e-03
-1.001202440261840909e+00 1.105284690856933594e-02
-1.001244950294494673e+00 7.713735103607177734e-03
-1.002193164825439409e+00 9.492516517639160156e-03
-1.000128626823425293e+00 8.140504360198974609e-03
-1.001166892051696733e+00 8.077025413513183594e-03
-1.000507521629333541e+00 9.608745574951171875e-03
-9.996122121810913086e-01 1.167613267898559570e-02
-1.001054930686950728e+00 8.931279182434082031e-03
-1.000341224670410201e+00 1.129633188247680664e-02
-1.000982356071472124e+00 8.185803890228271484e-03
-1.000938415527343750e+00 1.104313135147094727e-02
-1.000263500213623091e+00 1.011770963668823242e-02
-1.000305700302124068e+00 1.248383522033691406e-02
-1.000231266021728516e+00 1.163363456726074219e-02
-1.000402426719665616e+00 8.197903633117675781e-03
-1.000454044342041104e+00 7.067322731018066406e-03
-1.000180292129516646e+00 8.562207221984863281e-03
-1.000667834281921298e+00 4.357457160949707031e-03
-1.000990128517150968e+00 9.320497512817382812e-03
-1.000147700309753418e+00 1.116776466369628906e-02
-1.001122903823852495e+00 6.899535655975341797e-03
-1.000915789604186923e+00 1.012873649597167969e-02
-1.000564169883727983e+00 1.125794649124145508e-02
-1.000813007354736328e+00 1.289361715316772461e-02
-1.000570225715637251e+00 1.066774129867553711e-02
-1.000686717033386186e+00 9.396314620971679688e-03
-1.001045131683349521e+00 9.222328662872314453e-03
-1.000840568542480380e+00 6.847739219665527344e-03
-1.000074625015258789e+00 9.344995021820068359e-03
-1.001027894020080522e+00 1.048797369003295898e-02
-1.000827622413635209e+00 1.036870479583740234e-02
-1.000076103210449263e+00 1.058715581893920898e-02
-1.000362420082092196e+00 8.396565914154052734e-03
-1.000299668312072843e+00 8.273541927337646484e-03
-1.001201820373535112e+00 9.174883365631103516e-03
-9.998610019683837891e-01 1.084917783737182617e-02
-1.000868415832519620e+00 1.016253232955932617e-02
-9.998217344284057173e-01 8.503377437591552734e-03
-1.000916099548339933e+00 9.380638599395751953e-03
-1.000289034843444780e+00 5.569159984588623047e-03
-1.000358319282531827e+00 1.175904273986816406e-02
-1.000746917724609331e+00 8.376300334930419922e-03
-1.000011467933654696e+00 9.389221668243408203e-03
-1.000757932662963867e+00 6.590664386749267578e-03
-1.000179147720337003e+00 9.383916854858398438e-03
-1.000567054748535245e+00 7.482409477233886719e-03
-1.000150108337402255e+00 8.247673511505126953e-03
-1.000287961959838823e+00 8.784174919128417969e-03
-1.001240348815918058e+00 4.765152931213378906e-03
-9.996140480041504350e-01 8.470356464385986328e-03
-1.000286483764648349e+00 9.200632572174072266e-03
-9.997837305068969505e-01 9.722530841827392578e-03
-1.000871825218200728e+00 7.890462875366210938e-03
-1.001751399040222257e+00 8.317649364471435547e-03
-1.000985169410705478e+00 1.035720109939575195e-02
-1.000662636756896928e+00 7.372438907623291016e-03
-1.000229263305663974e+00 7.577061653137207031e-03
-1.000618696212768555e+00 1.035267114639282227e-02
-1.000375747680664062e+00 1.047790050506591797e-02
-1.000273132324218661e+00 1.115286350250244141e-02
-1.001482152938842685e+00 8.429765701293945312e-03
-9.996912717819214089e-01 1.012557744979858398e-02
-1.000324273109435946e+00 7.653057575225830078e-03
-1.000462198257446200e+00 3.973722457885742188e-03
-1.001025319099426270e+00 4.020869731903076172e-03
-1.001057720184326261e+00 1.045626401901245117e-02
-1.001040172576904252e+00 1.142919063568115234e-02
-1.000574803352356046e+00 8.497655391693115234e-03
-1.000755381584167436e+00 1.048231124877929688e-02
-9.998691320419311745e-01 4.034280776977539062e-03
-9.988714456558227539e-01 1.146799325942993164e-02
-1.000193405151367232e+00 1.065111160278320312e-02
-1.001739144325256348e+00 9.028017520904541016e-03
-9.999443292617797852e-01 8.746743202209472656e-03
-9.997638225555419700e-01 7.202506065368652344e-03
-9.995620727539062944e-01 9.920954704284667969e-03
-1.000581979751586914e+00 8.211374282836914062e-03
-1.000772905349731401e+00 9.549438953399658203e-03
-9.997463941574096236e-01 1.227599382400512695e-02
-1.000712800025939986e+00 7.810533046722412109e-03
-1.000613451004028320e+00 9.189307689666748047e-03
-1.000869822502136186e+00 1.035237312316894531e-02
-9.998948335647582786e-01 9.874761104583740234e-03
-1.000944232940673917e+00 8.403182029724121094e-03
-9.997510433197021040e-01 8.765399456024169922e-03
-1.000548958778381348e+00 8.987665176391601562e-03
-1.000780630111694380e+00 9.836971759796142578e-03
-9.999690532684326616e-01 7.648885250091552734e-03
-1.000482940673828036e+00 8.972048759460449219e-03
-1.000558543205261275e+00 3.905594348907470703e-03
-9.994089126586913618e-01 1.005804538726806641e-02
-1.000696921348571689e+00 1.132851839065551758e-02
-1.000448584556579590e+00 9.295046329498291016e-03
-1.000122880935669034e+00 1.200485229492187500e-02
-9.996762037277221458e-01 8.274614810943603516e-03
-1.001268029212951660e+00 9.433984756469726562e-03
-1.000259566307067916e+00 8.866310119628906250e-03
-1.000679206848144487e+00 1.101148128509521484e-02
-1.000526952743530318e+00 1.047235727310180664e-02
-9.997023344039916992e-01 7.682979106903076172e-03
-1.000348591804504306e+00 1.187604665756225586e-02
-1.000038242340087979e+00 8.498847484588623047e-03
-1.000349116325378374e+00 8.832275867462158203e-03
-1.000754523277282759e+00 1.014775037765502930e-02
-1.000822305679321289e+00 8.649587631225585938e-03
-1.000785732269287021e+00 6.087124347686767578e-03
-9.995167732238769975e-01 9.155213832855224609e-03
-1.001429772377014249e+00 9.335875511169433594e-03
-1.000697135925292969e+00 7.274389266967773438e-03
-1.000497436523437589e+00 8.402407169342041016e-03
-1.000496578216552690e+00 8.391678333282470703e-03
-1.000559854507446333e+00 1.008212566375732422e-02
-1.000841474533081144e+00 8.087396621704101562e-03
-9.994309663772582564e-01 1.266628503799438477e-02
-1.001064419746398926e+00 9.310126304626464844e-03
-1.000041031837463290e+00 1.011532545089721680e-02
-1.000871753692627042e+00 1.146793365478515625e-02
-1.000309991836547896e+00 5.833625793457031250e-03
-1.001032257080078036e+00 9.146571159362792969e-03
-1.001026630401611328e+00 1.080000400543212891e-02
-1.000912332534789950e+00 8.293449878692626953e-03
-1.000842571258544922e+00 7.820785045623779297e-03
-1.000310993194580167e+00 9.757578372955322266e-03
-9.987018585205078569e-01 1.015561819076538086e-02
-1.000696182250976562e+00 7.944524288177490234e-03
-1.001230072975158647e+00 5.552947521209716797e-03
-9.998904943466186968e-01 9.994268417358398438e-03
-9.995876312255859153e-01 9.877145290374755859e-03
-1.000265097618103116e+00 1.104998588562011719e-02
-9.998098134994506392e-01 1.176446676254272461e-02
-1.001551699638366655e+00 7.131397724151611328e-03
-1.001002240180969283e+00 8.825242519378662109e-03
-1.001107382774353072e+00 6.537914276123046875e-03
-1.000352382659912109e+00 1.091861724853515625e-02
-1.000769257545471191e+00 1.082146167755126953e-02
-1.000315570831298739e+00 7.363080978393554688e-03
-1.000498151779174894e+00 8.072197437286376953e-03
-1.000497841835021884e+00 1.025396585464477539e-02
-1.000459408760070890e+00 7.001042366027832031e-03
-1.001864194869995117e+00 6.659030914306640625e-03
-1.000370645523071200e+00 7.686078548431396484e-03
-1.001490092277526944e+00 7.193088531494140625e-03
-1.002091002464294389e+00 7.885158061981201172e-03
-1.000054788589477495e+00 9.769499301910400391e-03
-1.000916600227355957e+00 7.954835891723632812e-03
-9.999965429306030273e-01 1.110041141510009766e-02
-1.000483083724975630e+00 9.757816791534423828e-03
-1.001135110855102539e+00 9.356021881103515625e-03
-1.000132274627685502e+00 9.395480155944824219e-03
-1.000614809989929244e+00 9.127318859100341797e-03
-1.000785589218139648e+00 4.719197750091552734e-03
-1.001162290573120117e+00 9.112298488616943359e-03
-9.993545293807983843e-01 1.162576675415039062e-02
-9.997907876968383789e-01 5.961000919342041016e-03
-1.000703072547912686e+00 9.069740772247314453e-03
-9.998748779296875444e-01 9.766399860382080078e-03
-9.996643304824829324e-01 9.571373462677001953e-03
-1.000725245475769132e+00 9.858012199401855469e-03
-1.000124073028564542e+00 1.041913032531738281e-02
-1.000416874885559082e+00 1.146477460861206055e-02
-9.997773647308350053e-01 9.404003620147705078e-03
-9.995547533035278320e-01 8.346676826477050781e-03
-1.000679230690002530e+00 6.430923938751220703e-03
-1.001200246810913130e+00 8.708953857421875000e-03
-1.000935530662536710e+00 9.084761142730712891e-03
-1.001067781448364169e+00 9.444653987884521484e-03
-1.001474285125732333e+00 8.508622646331787109e-03
-9.988589525222778542e-01 9.847819805145263672e-03
-1.000748443603515669e+00 7.402002811431884766e-03
-9.999747276306152344e-01 6.594240665435791016e-03
-1.001324152946472257e+00 9.628593921661376953e-03
-1.001065015792846680e+00 1.022422313690185547e-02
-1.000720286369323642e+00 6.130516529083251953e-03
-9.999608039855957253e-01 1.072585582733154297e-02
-1.000782227516174405e+00 8.712053298950195312e-03
-9.996215105056762695e-01 7.699608802795410156e-03
-1.000331830978393510e+00 8.138060569763183594e-03
-1.000930333137512118e+00 8.554816246032714844e-03
-1.001315784454345659e+00 1.283800601959228516e-02
-9.999197483062743919e-01 1.231533288955688477e-02
-1.000467324256896884e+00 6.016016006469726562e-03
-1.000131988525390536e+00 9.371161460876464844e-03
-1.001681447029113770e+00 7.282674312591552734e-03
-1.000473380088806152e+00 1.228994131088256836e-02
-1.001759386062622159e+00 6.884872913360595703e-03
-1.000417065620422319e+00 7.100284099578857422e-03
-1.000110411643981845e+00 6.495237350463867188e-03
-1.000729656219482511e+00 5.832612514495849609e-03
-1.000485014915466264e+00 1.235640048980712891e-02
-1.001122903823852495e+00 7.254004478454589844e-03
-9.997546195983886275e-01 1.080298423767089844e-02
-1.001259112358093173e+00 1.013296842575073242e-02
-9.999618768692016824e-01 1.115566492080688477e-02
-1.000374317169189453e+00 9.268820285797119141e-03
-1.000915360450744584e+00 7.879257202148437500e-03
-1.000852680206298917e+00 7.460594177246093750e-03
-9.998730897903442827e-01 9.651958942413330078e-03
-1.000083637237548784e+00 9.560227394104003906e-03
-1.000074362754821866e+00 8.541822433471679688e-03
-9.996380567550658958e-01 7.171809673309326172e-03
-9.994358301162720171e-01 1.274001598358154297e-02
-1.000389957427978427e+00 1.004368066787719727e-02
-9.998780488967895508e-01 1.120072603225708008e-02
-1.001471853256225675e+00 4.791557788848876953e-03
-9.992208957672119585e-01 1.056092977523803711e-02
-9.994602918624877486e-01 1.245987415313720703e-02
-1.000723099708557218e+00 9.514153003692626953e-03
-1.001443791389465376e+00 8.121728897094726562e-03
-1.001494288444519043e+00 8.838534355163574219e-03
-9.998161792755126953e-01 1.071316003799438477e-02
-9.998253822326660378e-01 9.910941123962402344e-03
-1.000875544548034624e+00 1.128357648849487305e-02
-1.000609707832336381e+00 3.685474395751953125e-03
-1.000009775161743164e+00 1.181536912918090820e-02
-9.998360633850097434e-01 1.179581880569458008e-02
-1.000575494766235307e+00 1.220303773880004883e-02
-1.000416302680969149e+00 9.049296379089355469e-03
-1.000108146667480380e+00 1.092839241027832031e-02
-1.001200532913208097e+00 7.273137569427490234e-03
-9.986298084259033203e-01 1.169270277023315430e-02
-9.999371767044067383e-01 8.855462074279785156e-03
-1.000132846832275435e+00 1.303160190582275391e-02
-1.000843524932861328e+00 6.322741508483886719e-03
-1.001650261878967330e+00 9.069740772247314453e-03
-1.000988841056823730e+00 1.034140586853027344e-02
-1.001411771774292081e+00 6.934940814971923828e-03
-1.001391601562499956e+00 6.559669971466064453e-03
-1.000334262847900391e+00 9.395003318786621094e-03
-1.000095582008361905e+00 9.315192699432373047e-03
-1.002035212516784624e+00 1.208573579788208008e-02
-1.001028537750244141e+00 1.218700408935546875e-02
-9.994939804077148660e-01 1.105928421020507812e-02
-1.000691270828247159e+00 1.069384813308715820e-02
-9.996502876281738725e-01 8.920073509216308594e-03
-1.000372242927551225e+00 8.869349956512451172e-03
-9.996582269668579102e-01 8.507430553436279297e-03
-1.000574111938476562e+00 1.179063320159912109e-02
-9.993239164352416548e-01 1.094770431518554688e-02
-1.000868582725524814e+00 9.846985340118408203e-03
-1.000160360336303622e+00 9.819626808166503906e-03
-1.000754046440124556e+00 8.402526378631591797e-03
-1.000111508369445845e+00 1.053851842880249023e-02
-1.000008821487426758e+00 8.938610553741455078e-03
-9.999518632888794167e-01 8.948504924774169922e-03
-1.000995945930480913e+00 1.070630550384521484e-02
-1.001618599891662686e+00 6.291389465332031250e-03
-1.000048065185546786e+00 1.147800683975219727e-02
-1.000356531143188565e+00 8.011758327484130859e-03
-1.001341557502746671e+00 1.007169485092163086e-02
-1.000559949874877841e+00 1.075857877731323242e-02
-1.001293611526489213e+00 1.101028919219970703e-02
-1.001851463317871005e+00 7.988870143890380859e-03
-9.996246576309204546e-01 1.128005981445312500e-02
-1.000861573219299361e+00 1.260334253311157227e-02
-1.000582075119018644e+00 1.175868511199951172e-02
-1.000261330604553134e+00 5.545675754547119141e-03
-9.991620779037475586e-01 9.247839450836181641e-03
-9.999512672424316628e-01 8.496522903442382812e-03
-1.000073885917663663e+00 9.805202484130859375e-03
-1.000912308692932129e+00 7.652997970581054688e-03
-1.000141239166259854e+00 1.054900884628295898e-02
-1.000155591964721591e+00 8.376419544219970703e-03
-1.000529551506042392e+00 8.197367191314697266e-03
-1.000810003280639737e+00 1.058810949325561523e-02
-1.000876593589782759e+00 1.006537675857543945e-02
-9.997630834579467329e-01 1.078689098358154297e-02
-1.000821352005004883e+00 8.545994758605957031e-03
-1.000247430801391557e+00 1.217311620712280273e-02
-1.000687742233276278e+00 1.206523180007934570e-02
-1.000950884819030717e+00 9.312927722930908203e-03
-1.000352978706359863e+00 5.608439445495605469e-03
-1.000567984580993608e+00 8.770942687988281250e-03
-1.000049114227294922e+00 1.191103458404541016e-02
-1.001506257057189986e+00 1.005530357360839844e-02
-1.000206851959228427e+00 9.779334068298339844e-03
-1.000456094741821289e+00 9.389638900756835938e-03
-1.001325273513793856e+00 8.831858634948730469e-03
-1.001261281967163130e+00 9.762942790985107422e-03
-9.999921560287475808e-01 1.220071315765380859e-02
-1.000896382331848189e+00 8.551478385925292969e-03
-1.001084184646606534e+00 1.035922765731811523e-02
-1.000192594528198198e+00 1.061326265335083008e-02
-1.000897264480590909e+00 5.721330642700195312e-03
-1.000453114509582520e+00 1.005363464355468750e-02
-9.998084068298339622e-01 9.921967983245849609e-03
-1.000115227699279741e+00 1.052290201187133789e-02
-1.000959444046020552e+00 9.403824806213378906e-03
-9.997390747070312722e-01 1.217472553253173828e-02
-1.001148653030395463e+00 8.843004703521728516e-03
-1.000136685371398881e+00 1.202911138534545898e-02
-9.999986171722412553e-01 1.080757379531860352e-02
-1.001469683647155717e+00 6.925106048583984375e-03
-1.000976586341857821e+00 8.214533329010009766e-03
-9.999155998229980469e-01 9.805560111999511719e-03
-1.000977301597595126e+00 9.812474250793457031e-03
-1.001134324073791548e+00 8.782207965850830078e-03
-1.000331592559814409e+00 9.302139282226562500e-03
-1.000845980644226030e+00 6.583511829376220703e-03
-1.000206613540649325e+00 1.048529148101806641e-02
-1.000546026229858443e+00 7.855951786041259766e-03
-1.000643134117126465e+00 1.015812158584594727e-02
-1.000572657585144132e+00 1.119774580001831055e-02
-1.000449371337890581e+00 6.839156150817871094e-03
-1.000749754905700728e+00 1.089543104171752930e-02
-9.985354423522949663e-01 9.958028793334960938e-03
-1.000605797767639249e+00 8.172929286956787109e-03
-1.000085139274597079e+00 8.941292762756347656e-03
-1.000806379318237349e+00 6.920158863067626953e-03
-1.001117539405822709e+00 8.221507072448730469e-03
-9.999047994613647905e-01 5.980372428894042969e-03
-1.000037693977355868e+00 1.004052162170410156e-02
-9.994925022125243919e-01 9.745299816131591797e-03
-1.000635433197021529e+00 7.755577564239501953e-03
