-1.092017579078674361e+00 1.025640964508056641e-02
-1.092385888099670410e+00 5.731105804443359375e-03
-1.092833614349365323e+00 5.893468856811523438e-03
-1.092802596092224077e+00 7.562041282653808594e-03
-1.091937017440795854e+00 6.678223609924316406e-03
-1.091181588172912553e+00 6.161332130432128906e-03
-1.092172598838806241e+00 7.997751235961914062e-03
-1.092702102661132768e+00 4.125833511352539062e-03
-1.092833495140075772e+00 5.156278610229492188e-03
-1.091740942001342862e+00 6.388604640960693359e-03
-1.092968654632568315e+00 3.653943538665771484e-03
-1.092729997634887651e+00 2.722799777984619141e-03
-1.092494130134582520e+00 7.434606552124023438e-03
-1.092364978790283159e+00 5.788803100585937500e-03
-1.092879629135131925e+00 5.010247230529785156e-03
-1.091185355186462314e+00 7.577419281005859375e-03
-1.093259382247924849e+00 4.138469696044921875e-03
-1.092667984962463423e+00 7.220745086669921875e-03
-1.092549705505371005e+00 7.566273212432861328e-03
-1.092415356636047274e+00 1.748800277709960938e-03
