-1.999999974587927332e+00 -1.999999972748916388e+00
-9.188523262739181519e+00 -9.021281123161315918e+00
3.132993280887603760e-01 4.784057140350341797e-01
3.132481276988983154e-01 4.807361364364624023e-01
3.130799233913421631e-01 4.789004921913146973e-01
3.129101991653442383e-01 4.810795783996582031e-01
3.168426752090454102e-01 4.799156188964843750e-01
3.156387507915496826e-01 4.772697091102600098e-01
3.138301074504852295e-01 4.760171175003051758e-01
3.105905354022979736e-01 4.780528545379638672e-01
3.104660511016845703e-01 4.798659980297088623e-01
3.115659654140472412e-01 4.818199872970581055e-01
3.119858503341674805e-01 4.795506894588470459e-01
3.139571547508239746e-01 4.807665348052978516e-01
3.135208785533905029e-01 4.790545403957366943e-01
3.147508800029754639e-01 4.782007336616516113e-01
3.120563924312591553e-01 4.767147302627563477e-01
3.100079298019409180e-01 4.756552577018737793e-01
3.108701109886169434e-01 4.733590483665466309e-01
3.092710673809051514e-01 4.764766097068786621e-01
